0 0.8077420166025215 0.8291983332544877 0.16280302856687492 0.20306566337592466
0 0.3604883377832995 0.8206854716500052 0.1527398002154541 0.1927779055687756
0 0.5884288980051289 0.7503680133628627 0.13205353884256774 0.16018315918524642
0 0.9038461538461539 0.7127403846153846 0.1875 0.23317307692307693
3 0.7215294960840443 0.6758147159608918 0.3436711783394669 0.5367794855492474
4 0.7211310049603176 0.564372056402928 0.22989342686124423 0.3059937814300863
4 0.8714503893851876 0.4994088736250065 0.242077285104141 0.2589254181408101
0 0.25749493287286085 0.5127833273184911 0.1914252605450106 0.200275090643526
3 0.8365384615384616 0.4483173076923077 0.32211538461538464 0.7475961538461539
3 0.4875331036436854 0.4617806849110884 0.34273608003712835 0.7739197882903108
3 0.18355189826146082 0.3398915308558792 0.36352104663463325 0.6028599847886814
4 0.11995530826385158 0.23481170659478298 0.23498433543130665 0.36385418242033524