0 0.37101112501829003 0.4832199529093887 0.05668735712685173 0.05032975524995546
0 0.28027236362399344 0.49997954928278915 0.05930103761895644 0.057639242936408354
0 0.5308447836861409 0.5318498586709643 0.054633234870103124 0.062251036794271804
1 0.6338254720147182 0.5492828291884395 0.04947581866531327 0.05003590757521204
0 0.4531872865791592 0.5539558680890866 0.054563290090683565 0.05984719064042565
4 0.35171402409876573 0.6087852060243678 0.11052547576975733 0.1677713043577741
4 0.5229245486942804 0.6386251140672894 0.10679267880694053 0.12200027820978275
4 0.6234314460895921 0.6583639815136961 0.10763201615997477 0.1508464320559366
4 0.254511006253627 0.6409249293354822 0.1207004186204981 0.18739387048820133
4 0.4339951028287642 0.6759153519732966 0.09101492742131011 0.15737232594307407
3 0.33487785228571576 0.6911302029825735 0.15093824187371313 0.48394849043550836
3 0.5193095307273843 0.7215088317625244 0.13772994985435075 0.44259335969555136
3 0.6198863729021155 0.7388438530550852 0.1570306638645394 0.4457807996487132
3 0.42881557606105597 0.7298549665974634 0.127834786121288 0.43258617818050904
3 0.24527106918892277 0.7103426201222773 0.15588582374024446 0.4889520811930295