0 0.35000201937955666 0.8406602107926608 0.18357472168537498 0.19730056664158369
0 0.6935557951370421 0.818235207071008 0.19319010630075958 0.1978605990211029
0 0.10255372799657898 0.6497740648241955 0.11523675292143924 0.21006725496699347
0 0.5267096860412498 0.6975280409305006 0.20692620000895226 0.24890140063139107
3 0.8016826923076923 0.5276442307692307 0.3918269230769231 0.8725961538461539
3 0.7295163671538916 0.5190619277759368 0.4534900937380337 0.8661512951807627
3 0.35777904150938444 0.46473606075503654 0.6049811599418458 0.9294721215100731
4 0.8221153846153846 0.5168269230769231 0.35096153846153844 0.7067307692307693
3 0.20579741469928572 0.3713942307692308 0.41159482939857145 0.7427884615384616
3 0.588204979037256 0.41628116412764704 0.5011745683299276 0.8325623282552941
4 0.37835939791416995 0.3167832227395084 0.4730649496744937 0.6335664454790167
1 0.8016549408285308 0.914588332671959 0.16532547039934486 0.0909713034928337
4 0.15651896527760537 0.2536057692307692 0.31303793055521073 0.5072115384615384
4 0.6250725426690078 0.2981254617339337 0.42802970072263097 0.5962509234678675
0 0.9158653846153846 0.19471153846153846 0.16346153846153846 0.3125