0 0.37696930923926336 0.6442237346574249 0.07893728197307691 0.08832886602735056
0 0.5733863220402249 0.6612984136094012 0.08156492868803429 0.09800020078301284
0 0.24897798661250053 0.6219487074767626 0.09850375204551291 0.10319954407264967
0 0.6485199994134621 0.6342955995752665 0.09621180617222216 0.10795128624006431
4 0.5926700265941244 0.5081226565075315 0.11846388297799165 0.23820657966997866
4 0.3958893378813573 0.47542297755555524 0.1248361693353634 0.2023167377831198
4 0.24813571969118625 0.4307590130355767 0.16028041997809858 0.2800231166700856
3 0.5910474725260687 0.43841111804599314 0.18862905219604748 0.5689882063941241
3 0.40416091419102596 0.36579620192430523 0.22843339402425264 0.6275757163308762
3 0.2711660737655986 0.3396676496378204 0.2538706090696587 0.6793352992756408
3 0.6902745566389961 0.36154198138509563 0.2106573284407056 0.6896281152086541