0 0.7271061995302712 0.820484509854662 0.1394148966361924 0.1185716309360901
3 0.4617281712187028 0.44453512115355465 0.8985772393091357 0.28881437307750607
2 0.467698983795042 0.6500779524752157 0.4660359455976418 0.2310225665001959
3 0.4159735056444801 0.20676412944000735 0.8268536515934088 0.2980102026584468
3 0.45707757455256315 0.6549485780380745 0.8590382593735383 0.26214830270016165
2 0.43346971272203566 0.45912602009040915 0.5254913393384094 0.2746274412969818
3 0.43049851482706486 0.8582763629713891 0.7635700577940934 0.27841581906449275
2 0.42232992635088945 0.8643349264433563 0.3884272241001637 0.21374811805319938
0 0.8308165050590018 0.4447922440478296 0.12719976741713276 0.11369401278932387
0 0.8208460277260902 0.6131593709917639 0.12680797051747505 0.10407862817393912
0 0.7562381278731328 0.23724414385504417 0.15673156583768788 0.13068875788002451