0 0.37612888897280905 0.8532742212243287 0.09816805120384614 0.09326219345610663
0 0.3836461433277769 0.9427460788017951 0.1118078261630343 0.060616907089907426
0 0.3803810996339204 0.6705819135320211 0.0638987535069445 0.06446657959262307
0 0.3816140125981299 0.5145000068299622 0.05400361819017099 0.05177497563162785
0 0.36825700315747834 0.3150395527183669 0.0636190028055556 0.05244734882339244
0 0.3913702775032582 0.45621937259486056 0.05143192161549155 0.04439534387214841
0 0.39934015767569425 0.26846723264794886 0.08050187602275635 0.05602784806282653
0 0.4427112393349886 0.7766203175645336 0.08575716945267099 0.07559480388947812
0 0.4108538273043265 0.3924586728603021 0.06115920651143178 0.04987540937160517
0 0.41586236979823704 0.1257157964323496 0.08335332329882483 0.07542671059153694
2 0.519699310849786 0.3044496749480757 0.1719599301494658 0.06722308569228183
2 0.5429234805370722 0.4924204481755988 0.19214185176495738 0.10943321669119549
2 0.5371666457227561 0.4304247280694222 0.17492327770608979 0.09142964052868449
2 0.5622631352312494 0.6410639464605427 0.20701252981025647 0.12967254570961154
2 0.5532682268541664 0.35730078366639084 0.18224671644818385 0.09674161273020013
2 0.5760228499833865 0.25611237524927577 0.24256667085544878 0.11055932979411306
2 0.623976818450213 0.8251433038440846 0.33961571925373946 0.15574460017329683
2 0.6223013290590271 0.7424627514833039 0.25201420505 0.10402016452433899
3 0.609449880758974 0.4181703906696498 0.49564191869262825 0.1570552799240857
3 0.600507907705021 0.28679931869781694 0.531587710719765 0.15476898708551035
3 0.6271979712723821 0.4805275673630438 0.5490860354800214 0.18479179401725213
3 0.640495010816559 0.8887864502633723 0.6735824842175213 0.17189803012557547
3 0.6421735150248924 0.8166710656479877 0.6749252875841881 0.22959033781788316
3 0.6303591541980766 0.34471025967073615 0.5226996779279917 0.18534661389374577
3 0.6539449899190699 0.6202533242157027 0.6361839984212607 0.2148816142815943
2 0.61582920168969 0.0925332834724665 0.26968038023108976 0.14125450991761937
2 0.7004233142418795 0.8917956562763825 0.4617083218373932 0.14268274298367892
3 0.6497318086576386 0.2341586065851482 0.5751926423306626 0.1722177433715276
3 0.6873730256337066 0.7307126939773549 0.5877713745026711 0.19709667139969483
3 0.6712295635087072 0.09352369001086337 0.5831874827560898 0.18704738002172674