3 0.730306660334687 0.2976164209702998 0.27156923250968557 0.47171736731282066
2 0.7139308671787042 0.3333663875064643 0.1976831096935892 0.2852784101000001
0 0.5365120923653852 0.337667513734509 0.10207192749957245 0.12472225917670944
0 0.3921761684909551 0.33551242839476536 0.11472208613076901 0.1322135483396368
3 0.3384514060026361 0.44024658156885715 0.2535414764014238 0.3753397205978634
0 0.18289226651161045 0.4149472319960472 0.15633826390213645 0.16916644289177363
0 0.4630465881239326 0.5166131719063038 0.12328592430954394 0.12041811813151714
0 0.6230380233446591 0.5600812429836544 0.12851423519188016 0.12533771071976518
3 0.1359766747261755 0.5263054471587607 0.271953349452351 0.4828434057157054
0 0.7911672279415958 0.13885167947494725 0.13091808134572602 0.12539366086004286
3 0.44711538461538464 0.7175480769230769 0.34134615384615385 0.5600961538461539
2 0.44290211853767947 0.7606315315918274 0.26126407743091096 0.3539289057743591