4 0.8622358954624173 0.585880678285733 0.19704713377062325 0.34983559911061646
4 0.4144273062725375 0.5628176080544676 0.24188541735525576 0.489587118422071
2 0.14038884473407592 0.542052215133568 0.23297937882272882 0.4625983530213186
2 0.6715456804952141 0.5460680881118224 0.22139368623108252 0.3564648171131246
3 0.41225961538461536 0.5096153846153846 0.3485576923076923 0.9759615384615384
3 0.15702829805917595 0.493975292056645 0.3140565961183519 0.9564080044754981
3 0.6673684691342239 0.4793247848878676 0.32391690788539845 0.8737664723973211
3 0.8582736107845631 0.478089837876912 0.27864508612318145 0.8392377261466528
0 0.4118767842803169 0.9418608273336481 0.08727640582673174 0.09273164890083489
0 0.14050367769826844 0.8983499722359507 0.11254723105318483 0.11378394382641997
0 0.6759433457563089 0.8543799984220227 0.10262375551580213 0.10824764124080133
1 0.8459070765965281 0.8406883705934252 0.10169948274980865 0.0938245643177244