0 0.6088573795908113 0.6904067383449443 0.037400495674359144 0.060846947002136616
0 0.36548244651848233 0.6853108233158127 0.04690398000918815 0.05688049184373211
0 0.4535865070456725 0.6620095343285622 0.03242495294583328 0.053214789965954384
4 0.476674821138461 0.6491942884066961 0.05702291588707262 0.0793563443776353
2 0.5600830896385144 0.6215059256863971 0.06591295855694462 0.1521026568549857
3 0.4790516971612174 0.598608364532266 0.09565431464754284 0.1930879067643873
3 0.5696435290526705 0.5714909970269242 0.10242227174305595 0.38079821605170916
0 0.6453646828988243 0.5648662544762832 0.04259983896399597 0.0780944886537036
0 0.3018944336002132 0.5829212517940889 0.052271173719658184 0.08133957195683755
0 0.38779047346452944 0.5514168105556988 0.05238307400021387 0.08614726426452972
1 0.7791987754284183 0.4835877052120386 0.04209628770149584 0.056459873269088204
2 0.6552338530235572 0.45005263430662523 0.09313856821314094 0.1880699051693731
0 0.8997557639715809 0.4058697031819106 0.05719076630790618 0.08656788283917376
3 0.6633126186594013 0.412162091060044 0.11511290419561987 0.4106959163344727
2 0.40389305953498894 0.4264620325523512 0.07413159954348295 0.19600281548618226
2 0.7597741905847752 0.39052856572101285 0.07536049275149583 0.1457323555427349
3 0.3982761000713672 0.35858334502970163 0.12361129588354736 0.4666153057349
1 0.8895549127613779 0.3287962496185202 0.04690398000918815 0.05688049184373211
3 0.7696143807003201 0.3284944062923092 0.10242227174305568 0.38079821605170916
0 0.23126574745838646 0.3192184566806985 0.04450013385534192 0.05667018255641009
0 0.18564862067558735 0.32081048698596903 0.040251942950427416 0.08028802552022786
3 0.8877115729493587 0.25339055970334934 0.10610895136709403 0.22998683622136734
2 0.8806678849086536 0.24680994910377663 0.08967166939401713 0.14218651895897422
2 0.11867763414861088 0.2606985324438749 0.08928001841207275 0.1253595958820511
0 0.5118463556531515 0.2203033485821235 0.05003517798664539 0.08834080113105405
3 0.13354831219391003 0.24020590748917406 0.15189392857072667 0.23879040498817636
3 0.2621540814246793 0.22895436061745064 0.1233834755662395 0.2506897704633901
2 0.2612039339790062 0.21824220756880394 0.08508777764743605 0.15138128499971495
2 0.5662685949563566 0.20114831269430308 0.08184467938942319 0.11511328340470069
3 0.5562345892279379 0.1684408583334056 0.1611736123444446 0.22520856521438717
0 0.5672086930115378 0.7276358423832632 0.05171167231688045 0.05730111041837587