0 0.507633451605711 0.4652687058070693 0.059995073880813266 0.07182084988552973
0 0.5001027598646604 0.5387822377418916 0.06206273343877706 0.06720938182035195
0 0.457043925701076 0.6247564058085613 0.059826980582872016 0.06941700373168357
0 0.44226706889930684 0.39173039788432895 0.06687042574646937 0.0676018303053813
0 0.4367375833500595 0.7100683666482647 0.059826980582872016 0.06941700373168357
4 0.2944140570878382 0.5065749006868218 0.26991961577246393 0.13436921166486826
4 0.2876650551788578 0.5859999358850021 0.2412920952069215 0.10096074499720696
4 0.28074795997193625 0.6678288172370288 0.25052075324375356 0.1303955715709047
4 0.2526153626923724 0.4036263438122186 0.21037828180280377 0.10321752215220847
3 0.2755268711782564 0.5051030205018788 0.5510537423565128 0.22777472822701156
3 0.27298871837598937 0.5935547675878998 0.5459774367519787 0.19112836319177534
4 0.2513557828906937 0.763442947540918 0.23782914928275828 0.11979906574294684
3 0.24648351568856372 0.6829630582646591 0.49296703137712744 0.18681142985645274
3 0.24304116145181315 0.40227715337036807 0.4860823229036263 0.21467646249003308
3 0.23538056138304408 0.7625843177053542 0.47076112276608817 0.18946065549648347