0 0.38164235826837106 0.24816268982227596 0.08813291458478918 0.09336035889615389
0 0.6163110733032209 0.23679090542243644 0.08619062062856414 0.11974671644818385
0 0.2924753577694302 0.3278512789329062 0.09816789210710201 0.1176226209957266
0 0.8124972702311859 0.2257258418550755 0.09331824050871682 0.11510687456132483
0 0.5433984621646725 0.28078547813717997 0.09795809565363783 0.10560339022649583
0 0.4502839348172423 0.3110833208134085 0.0934021590901026 0.11991456686901714
4 0.6755592282745264 0.4245436859927356 0.18068372127668025 0.302161283317201
4 0.32874011676177245 0.5234859947090281 0.1752466396085954 0.26599169072895307
4 0.5990618275505553 0.4672524104201394 0.19780435938845314 0.31937985737606855
4 0.8499010133644119 0.42499430193210547 0.19742672577221754 0.2977452419914532
4 0.4768284109674678 0.5125038514130346 0.1781120379600628 0.29248994856153854
3 0.6220993494045662 0.5940418099699791 0.3112940996451648 0.7641493558559832
3 0.35336538461538464 0.6310096153846154 0.3317307692307692 0.7331730769230769
3 0.8513248994791538 0.5500782271425221 0.28767523101363135 0.7876283159916668
3 0.5036057692307693 0.6225961538461539 0.33413461538461536 0.75