2 0.7746920976709534 0.42532964814110663 0.13687211502906285 0.24807771968384174
2 0.5585778887259765 0.46574408944019513 0.14732683699748142 0.27731567042965327
2 0.8960863284401841 0.43027608399928624 0.17043029274990656 0.32867798268465265
2 0.37031774488848873 0.5144964852873384 0.15869084109835377 0.33780362117546514
2 0.10412957356246817 0.6080934797892279 0.14314864770456476 0.29875438736443993
3 0.8810096153846154 0.5456730769230769 0.23317307692307693 0.875
3 0.39903846153846156 0.5865384615384616 0.28365384615384615 0.8221153846153846
3 0.8124726858105505 0.568527860366832 0.28262721704440324 0.801443900906145
3 0.6117788461538461 0.5913461538461539 0.33413461538461536 0.8125
3 0.1310096153846154 0.6514423076923077 0.24759615384615385 0.6923076923076923
0 0.33137381915234265 0.24880006844037364 0.1090566354019477 0.11729053512700502
0 0.7306349768558541 0.23145476823478314 0.08947614227408106 0.10448771055845861
0 0.5189437639317622 0.2588439541375468 0.10424894309425553 0.1170946366771761
0 0.2796654031910676 0.32832698011056777 0.0943537793611928 0.1070874551621337
0 0.06499792405098194 0.3772038575605751 0.11181020545289141 0.1294077151211502