0 0.22493901850075948 0.6009104303651176 0.06526746051703086 0.06590146644385128
0 0.5195779943606909 0.5874968557549555 0.04356291929334141 0.052748413526670035
0 0.34138570528414997 0.6310589334786452 0.0412569693141989 0.06944935636493209
0 0.6973577209866952 0.6148482395697272 0.058153818230196046 0.08235044880479073
0 0.4470920027982142 0.6474193716720438 0.08224822043991672 0.09322563580678697
4 0.3504416831869427 0.727716700587136 0.08004016663547772 0.12675350172197197
3 0.6679941159313939 0.702278784398101 0.20368520806774135 0.3134669554321526
4 0.6715019889874596 0.7192946778330158 0.08491778478224396 0.13902469296852507
4 0.23724414385504417 0.759055244754677 0.09475693208266535 0.17799015238470817
3 0.5319180826345126 0.7396320547598995 0.1126746982491425 0.3663720140553363
4 0.4860911688654728 0.7636807379176452 0.06544926769862322 0.09715146644385114
3 0.35253785564886336 0.7807272962104126 0.15859950819288585 0.4120348693591289
3 0.2403846153846154 0.7800480769230769 0.17307692307692307 0.43509615384615385
3 0.44350961538461536 0.8040865384615384 0.15144230769230768 0.3870192307692308