0 0.7504230330770524 0.8769367752797592 0.07699009025567759 0.07180988184412375
0 0.6784240818440588 0.4942613470158671 0.06446657959262307 0.06424861948548774
0 0.7180798666739953 0.7194277692502081 0.06771089223617494 0.07633779503413808
0 0.6988908407844913 0.6321548875278418 0.06977855179413886 0.07160004750586534
0 0.6144353922210439 0.18648984580801298 0.07425005750594894 0.06693224475701195
0 0.6272116027974497 0.34824698590990033 0.05160688233368687 0.05187966481915943
0 0.5745362640856009 0.08536630722471715 0.06703851904441048 0.06672241041875339
0 0.7003454637747659 0.8008088145838799 0.059995073880813266 0.06891642223434119
0 0.6330113815428586 0.43753901749930557 0.061390360247012464 0.054563290090683565
0 0.5981803223369846 0.281161989767258 0.07922584311158236 0.0694759804696971
0 0.6471323385027935 0.5800653883704238 0.05965888728493077 0.06410872992664861
0 0.6422241261962005 0.6847026408421508 0.06977855179413886 0.07160004750586506
0 0.6265568228884951 0.598736599365837 0.04920303617984045 0.05180972003973986
3 0.4753924851008743 0.779810928395369 0.5814275293347472 0.218430044866081
3 0.5012019230769231 0.8954326923076923 0.6081730769230769 0.20432692307692307
3 0.3722522905417464 0.2396614664916354 0.591664747159226 0.2619091099735705
3 0.42542367247245355 0.5471182161921017 0.5702487650552222 0.23009955173821434
3 0.38509551445075274 0.3315671785731453 0.5127245506608555 0.23082472318599231
3 0.39626604205531274 0.3957237427162952 0.547437496585019 0.21264312564651575
3 0.41014309574330093 0.49006827334136105 0.48772806931741763 0.18211829709429359
3 0.4687863064984998 0.8398371374621033 0.5316191332957426 0.22657658911365613
3 0.3329667589404325 0.14698636183651087 0.5722658846305158 0.2589457055843682
3 0.37822895922650146 0.4469867663474704 0.46363906779628566 0.2150027506745252
3 0.4252561391409524 0.7217467862430453 0.5187594360368061 0.2142076344473278
3 0.3963676819870932 0.635396048479924 0.5335186995557654 0.21943499543153694