0 0.7642461869837308 0.14859349277405556 0.10148229170529205 0.11439694284858655
0 0.6896412296662097 0.6585109053510679 0.10427286443769071 0.08574668745226159
0 0.6703692770606151 0.40004846920014914 0.11506490213866326 0.10296540742884251
0 0.5833248557290104 0.9034665202679738 0.10578570411916087 0.10738130283687698
3 0.5272487075492732 0.17009754489506795 0.6738492563011484 0.3126998814844223
3 0.5007124366337101 0.6304381735000486 0.5220542886630283 0.19864985106647845
2 0.4813234906792846 0.1646307403909242 0.3849339779284569 0.2601785391042183
3 0.4780363147615876 0.4089904796714591 0.5465464901126429 0.2403967787060932
2 0.47264797261962654 0.6233021420289171 0.32034984502056274 0.1592700653985793
2 0.4454162983867234 0.40526431898126786 0.3537850578937976 0.19179340532246714
3 0.3819565986824272 0.8688944269077669 0.47945743108556205 0.20650214963340283
2 0.3263319505480834 0.8618339024270422 0.28619171897289325 0.1506872377882386