0 0.31541160229515197 0.13530703378352424 0.10806548867131988 0.09845235922837849
0 0.3480249077497106 0.27794733059568644 0.06632520395911302 0.053391753515003484
0 0.31508973601585455 0.8240122707877949 0.09145658091446407 0.06893443977817061
0 0.3463081314900987 0.5552853257600662 0.06723596680652094 0.06541098428423425
2 0.44339067186664555 0.5634255128182004 0.150023788703594 0.11477877202960858
2 0.4265774219401855 0.8171432429829787 0.18276687201003222 0.10432699433650382
2 0.47624702105794725 0.352670777817802 0.18553502330284155 0.10924664757820529
2 0.5015275266487473 0.14638785232306878 0.227057292694981 0.18304144620372506
3 0.48603604179315385 0.8283557278716654 0.4429287143338616 0.12363031367101567
3 0.5285450577587024 0.5698039721293664 0.45290840408820937 0.12888584971474407
3 0.5510574120566932 0.36821677800831654 0.485469334825166 0.11603022586779328
3 0.6242326881549348 0.16657691734760977 0.7408980491590277 0.23092758668610605