2 0.43990384615384615 0.4334053042924577 0.15384615384615385 0.23912335568361698
2 0.5865384615384616 0.4520724570053283 0.15384615384615385 0.24633489414515544
3 0.7692307692307693 0.5045110091873157 0.23317307692307693 0.6196704345156743
3 0.6995192307692307 0.46478053431625366 0.20673076923076922 0.5769560236229373
3 0.30528846153846156 0.33865554114621593 0.2932692307692308 0.583007382348818
3 0.4579326923076923 0.3769736963347085 0.23557692307692307 0.5429154508905386
0 0.6911057692307693 0.7538556693119213 0.07692307692307693 0.0823020624571931
1 0.6442307692307693 0.7025009269251462 0.07692307692307693 0.08951360091873156
1 0.23798076923076922 0.5623143134192489 0.06490384615384616 0.07425005750594894
1 0.39663461538461536 0.5854277018525943 0.06971153846153846 0.07699009025567732
0 0.5745192307692307 0.597866605900238 0.07211538461538461 0.08196587586131088
2 0.7451923076923077 0.5797531531309813 0.1466346153846154 0.27708061425133196
2 0.6802884615384616 0.5499742494711862 0.13221153846153846 0.24001436215599298
2 0.28846153846153844 0.40719042652216647 0.16105769230769232 0.2564545586543635