0 0.3077107317488688 0.9225137685880893 0.11827919612687082 0.12469797203837246
0 0.2966674429394884 0.40269121386439133 0.11418084990203617 0.09815771512115007
0 0.35659893703324924 0.646000044048817 0.12487455274441353 0.11537643509773113
0 0.3587768020700226 0.1256387685880894 0.11797110520487294 0.11989027973068002
3 0.5349798142232424 0.7993687222007251 0.7026250533833102 0.37627732295848115
3 0.48279533289320403 0.3603423289276667 0.5354055426356596 0.27356087873536694
2 0.5789888316863994 0.8047682000013462 0.4131783609336407 0.31173674980904637
3 0.5415087624016794 0.5665384675648487 0.5670245147797945 0.3180055002035711
2 0.5117955322003568 0.35676309207484724 0.33428497603430213 0.20302904229238222
2 0.5732208987846763 0.5580535891794225 0.37265335025697865 0.24055597297379122
3 0.5585575416418204 0.11117688885673628 0.4982695321009747 0.22235377771347256
2 0.6140304892523495 0.08285110365654653 0.2998609025754612 0.16570220731309307