0 0.7267455092143164 0.345562681942315 0.060319916531190426 0.03881116765690839
0 0.7365854578698872 0.5908039377219745 0.05556816489475726 0.04839858193666329
0 0.7084447536432312 0.5053065698305659 0.053080407734022665 0.03396151984577172
4 0.693895810209821 0.48358804343906164 0.07727270611844698 0.060543679216227275
2 0.6621912922558403 0.40528123625746926 0.1494580165729054 0.0729824650199019
3 0.6434569964824963 0.49050589337648937 0.19050520836988236 0.10447021287275354
3 0.6116965378572563 0.4025837015795125 0.378103104544586 0.12238797903923061
0 0.6004526825465972 0.3292034606320382 0.07718879511155799 0.046120602293150355
0 0.6384962686839906 0.670759391995414 0.0796485819366633 0.055749972076349893
0 0.6031650037475184 0.5888258378313301 0.0844562742443556 0.05577794241197946
1 0.5132079700334885 0.2073057638214747 0.05554019455912783 0.043590889628971126
2 0.4863189383262567 0.33695262669929693 0.18568353089437528 0.10203839638327768
0 0.42843702951329987 0.09744128294795686 0.08448424457998531 0.06058563471967174
3 0.44904533777382655 0.33433201044432137 0.40701918422981376 0.1345750318222391
2 0.4781929740831479 0.5929063014126531 0.1927831880133953 0.08284958265595294
2 0.4220576085367418 0.2404281735983586 0.14230241878262623 0.08255589413184222
3 0.4121781084431749 0.6081467092977462 0.46237757160734927 0.14691592145121007
1 0.3528487347613866 0.11983728862332922 0.055568164894757535 0.048398581936663396
3 0.36075953161366486 0.24007155181908132 0.378103104544586 0.12238797903923075
0 0.3831439561866707 0.7822507408539074 0.05555417972694261 0.04599473578281714
0 0.38702243618982846 0.8291467186056296 0.07717480994374334 0.043716756139304196
3 0.2796153380759676 0.13383381792805488 0.2290366726704949 0.11671320632702106
2 0.2736476781947967 0.1410103934700563 0.1399824836356688 0.09696498588710437
2 0.33097258436060994 0.9045392210081358 0.12314157539093092 0.09446324355855477
0 0.26861782591236644 0.515968437966612 0.08684613523038703 0.05338808142594809
3 0.310476958797751 0.8936030393894021 0.23651392932051443 0.16242823875354218
3 0.29170689874972067 0.766094304476945 0.24597547708993633 0.13604187173249363
2 0.28090357622522777 0.7684352173756247 0.14716605176157765 0.09219924908285648
2 0.24668252941973293 0.4641598791485864 0.11345626493647237 0.08238807211806459
3 0.21432150993360605 0.4795960793830867 0.22214679306869672 0.1719597123620382
0 0.7654098326091694 0.38064221385812097 0.0555961352303871 0.05320627424435574