0 0.5471238560968795 0.618655877918822 0.08574668745226159 0.10427286443769071
0 0.8123529690537795 0.6495285079481145 0.09305617513871448 0.10718099048536035
0 0.298699223982395 0.5564744712318943 0.06764642445145068 0.07184621135210278
0 0.4574020447486984 0.5465822366447028 0.08035129979508272 0.08951360091873156
0 0.6817433308557064 0.5501803291669469 0.07794745364123656 0.08934550762079045
0 0.17194022807737713 0.4628837678884305 0.07005027060529684 0.07201430465004403
4 0.60240214583116 0.40747063629261293 0.18291673003738312 0.3124153933845895
4 0.834738564199022 0.4297952181518028 0.16452261936182894 0.2727772018374631
4 0.33285917683458205 0.3298910995612617 0.18782237156998974 0.3151554261343179
4 0.48152828370789336 0.33998605404557447 0.15348288084174244 0.2959751968862191
3 0.6010084144478502 0.3436846665667192 0.2938609091533109 0.682119894533004
4 0.7206354690251787 0.35098904831863326 0.171930056273196 0.2780891740389789
3 0.3385035276974894 0.3074824710531012 0.32123782462574807 0.6149649421062025
3 0.48822763381035206 0.303065903644664 0.2624680754593814 0.606131807289328
3 0.8422255982442384 0.3495926420195541 0.29474245217754075 0.6991852840391082
3 0.7336382821869962 0.3151247193002173 0.2439760155589125 0.5755607372567378
3 0.21745620935890134 0.26002738118527235 0.25222011102549496 0.5200547623705447
4 0.21417082018082512 0.22729860813654235 0.17840288540443397 0.3192907452502457