0 0.06209273227489662 0.23856359324329518 0.10249995899230686 0.1369138976899169
4 0.6160945148239882 0.3232775405641366 0.15281458465943842 0.3314608086777895
0 0.8090027476374851 0.36594737768410346 0.05389158155020915 0.08900160208665972
4 0.10515302049160936 0.49851154673335923 0.21030604098321873 0.3919521397203224
4 0.7641959384027999 0.39686480880942404 0.20774110365761908 0.5094047184567569
3 0.7617501353253874 0.40058253897420226 0.22985291497328192 0.7578965597749829
3 0.6267571383979049 0.43930427435562996 0.21822528215733755 0.790990601258784
3 0.13606820716839213 0.5741470729153325 0.27213641433678426 0.8468981618616426
3 0.8595098040200038 0.5678111602128284 0.19329005545216468 0.5063291066988567
4 0.8570500153014025 0.5727308134545297 0.14973942772852994 0.2736565400514728
0 0.5934135025461547 0.10450120729430813 0.06839857232041907 0.0968849061522523
0 0.7112998635729378 0.09060165998940505 0.07801395693580368 0.09733274988828838