0 0.4412858348058491 0.53473466641634 0.022613842296488464 0.035419864336478105
0 0.35732608136978244 0.5355928995197381 0.020279940922061875 0.03762748624780972
0 0.5949792372663725 0.4862167347089662 0.02763136894243933 0.043023851283045915
2 0.3278025902923519 0.5200168563973253 0.03822598046969716 0.07746259440695077
2 0.43066549962500844 0.48763886455199024 0.03334834338258529 0.07466629976807528
3 0.3258184128150228 0.5057900037167631 0.05757091560572251 0.16537462564301492
0 0.6005912945373891 0.4581800554547061 0.017666260429957167 0.030219723543756443
3 0.42981330044518296 0.4757177459040169 0.06774585845646322 0.18539029184384284
2 0.3539172846504804 0.48790842492784436 0.031014442008158703 0.07687392167940689
3 0.35196807956286097 0.47247964917035906 0.06067420955376376 0.18960931142399126
2 0.588838981059045 0.40877851955776756 0.03568224475701188 0.07245867785674379
3 0.591697468279118 0.39295729531525286 0.05311294719512761 0.17700140792721647