0 0.7059365761605776 0.8237807654757301 0.03477284895940176 0.049056149988796156
0 0.7914838509755879 0.15858346935549525 0.09352820931698712 0.0964079016179414
0 0.6431528057029919 0.6067094401817983 0.03913294014487188 0.029965270316866056
0 0.6551410465849364 0.4500047991155715 0.039244840425427495 0.03477296262455836
0 0.6414743014946586 0.5345940555664137 0.04422038315395309 0.04212439064493582
0 0.6475668371506416 0.486307298151232 0.04416443301367515 0.03972054449108953
0 0.6166835278795946 0.6579945743758918 0.03443714811773519 0.03463307306571951
0 0.652736195492041 0.3983570791975889 0.06602284895940176 0.04996543212124981
4 0.5686375946899579 0.8157483871334114 0.17263133183279925 0.08910069472340063
0 0.6434265267700857 0.3084226827666167 0.06132705693226507 0.054633234870103124
0 0.6368564050436434 0.23284141847930184 0.08324142301826935 0.0672819686541095
3 0.5587664146871266 0.5983401997691734 0.23267153553867528 0.08844546805504222
3 0.5273495692053424 0.6437556081374907 0.2280316936518164 0.09551711695774155
3 0.4902328439885691 0.8060023616953147 0.4679707177923078 0.18657626550488834
4 0.5341114966665603 0.5208796751736587 0.1264547036472223 0.06613712852981461
3 0.5126727067729171 0.5299226397268959 0.3230685468782053 0.15353342489356392
4 0.5260597011618059 0.43331415250682287 0.14311377630331196 0.059415203524212555
4 0.5234869996480772 0.37445489412730193 0.17464352700470087 0.07234371642589697
3 0.5022450401844555 0.4436289849164026 0.378301058276389 0.15273830866636665
4 0.553837777647436 0.12821341474370157 0.286954904430235 0.15008040704842518
3 0.515098498362607 0.22074862983998708 0.33978356967457274 0.14921534604180822
4 0.4988320816275109 0.2969943695317872 0.17576252981025647 0.12042063950282006
4 0.5077750596205131 0.2161507718705533 0.17045128624006417 0.09864613455936568
3 0.46959628667751097 0.3844421132027024 0.42481338730363266 0.19012495178302957
3 0.4486590381682695 0.3116843637457508 0.45919458528108986 0.22235417869490265
3 0.46967518719268175 0.14180481251400473 0.7710811436161328 0.28360962502800946