0 0.3081653363264165 0.794862766587438 0.07041362613267953 0.09246975437482
0 0.4944786804553356 0.7503065189797596 0.06527015719525887 0.08260240928211332
0 0.5549106109312179 0.7375416283978462 0.06269842272654855 0.07766873673575958
0 0.4546473306020099 0.7571928852253611 0.052831205638867666 0.06995327731957647
0 0.1890910075535998 0.8035026345550116 0.0656898779824193 0.09462164005134409
0 0.12153148277361124 0.8142416196990623 0.07058151444754367 0.0972774466825123
0 0.26428179158228726 0.7803664779257462 0.048443234118335794 0.08172054761148491
0 0.22474424627997386 0.7788393826328863 0.06079824151729484 0.09196583342017561
0 0.34938176477737165 0.748312938803375 0.0699939053455191 0.08045052360558949
0 0.4036514587596164 0.7058779120143682 0.06750611503424071 0.07792069721308191
3 0.543246253536368 0.5905869516069358 0.13311970793684894 0.3764913196253656
4 0.27094008489229593 0.6240534878064158 0.14474209325298262 0.2283347197575322
2 0.4492177161911979 0.5691208633417438 0.16025644422267668 0.26034060118949903
3 0.4523770597619328 0.5473602677184674 0.21921557335408656 0.5057746477398448
3 0.09913764233209599 0.6216087551754329 0.19827528466419198 0.5057746477398448
3 0.25102632473503833 0.57590846380052 0.222878581869414 0.5419583202861984
3 0.17891094011965367 0.5796878709603548 0.16881874828074947 0.5055329088818069
3 0.34276549449547866 0.5255111279276498 0.2134310855688937 0.546262091639246