0 0.3207276733117537 0.8171829032089489 0.07863497252236448 0.07871947361562366
0 0.3923875678238612 0.3944797089101153 0.044230333212535555 0.040841676074494515
0 0.3901951210029212 0.48787968867291587 0.03242141173062667 0.042545481753941856
0 0.41436597839458744 0.23894160365495917 0.058352656854985696 0.06558017808735486
0 0.4231989684621086 0.1379800651934207 0.05114111839344723 0.06516015380271559
0 0.38232541346987325 0.7418473324113296 0.052703727398005586 0.05568477728221065
0 0.3944939308338332 0.6574327008369547 0.06628556717179485 0.046909441236104715
0 0.4209024570430918 0.3282457858549114 0.03701879475099709 0.04042165178985531
0 0.40729337605975896 0.5658065308010413 0.03701879475099709 0.04042165178985531
2 0.49674456622884694 0.39079320293669156 0.14960836670783464 0.097202785290214
2 0.5095009695492887 0.4773435187455981 0.16475281548618226 0.0789520727236032
2 0.5218187735079779 0.3092142960712472 0.13392343406082602 0.08193965979785854
2 0.5318989086490746 0.22133390336098277 0.15880313274857535 0.09295512536204079
2 0.4922272767337624 0.8251311665314517 0.24702406858561224 0.11722618600848186
2 0.5114400651774228 0.5645238709814637 0.1387311263685183 0.08221967598761801
2 0.5166694661053431 0.6550999803057789 0.15796189559928756 0.08333974074665616
3 0.5368297363875366 0.47933919488525 0.344740523744017 0.11335113328316737
2 0.5243626458341183 0.7311830086595771 0.2070903651128203 0.0981591334134822
3 0.5391894505903145 0.5617118548134232 0.31682605104045575 0.09498412116256706
3 0.5520330277673084 0.3875730167544569 0.36439191154943 0.11927889034989797
2 0.5730786671498579 0.11968417869549051 0.21421145958105386 0.1248814572955495
3 0.5797213904876075 0.30345025564028655 0.37493897730740716 0.10315200774737371
3 0.5915744439205846 0.22264139329668087 0.4052572961648146 0.12165902796285402
3 0.5699747000646025 0.6472121099107316 0.39083421924173767 0.12081897939357535
3 0.5788698028703005 0.72322513421709 0.4509303730878915 0.12431918176556969
3 0.58116958442607 0.8199508670209004 0.5990371534837605 0.14968659863015843
3 0.6367805902267809 0.11597396418117666 0.4794757736534186 0.1498977323477086