1 0.4298588261338381 0.2550317923246626 0.0819633683387485 0.09012121142674992
1 0.47547487485515055 0.40298360564755764 0.09823025903615264 0.08128955334942845
0 0.5008993199215038 0.11130816122428151 0.09087871247973431 0.07854982439355519
2 0.5876522799032068 0.6082688245182525 0.13020400805144156 0.05401085257940061
2 0.6107332717431696 0.5430587427595553 0.1354317246437732 0.061446312908957114
3 0.6447026968981103 0.6012845218520796 0.38018029951055143 0.1064082133977135
3 0.644877146229095 0.53621273429722 0.366037238777234 0.11054414010135169
3 0.6783650325967104 0.2509387685275908 0.58700365975442 0.19994754723908578
3 0.6862054859099774 0.11632338391220615 0.5491258622132908 0.16701813322895062
3 0.7009463849846097 0.42192139498286624 0.5544698783596124 0.21761086339372887
2 0.7304677491890419 0.24613439014724603 0.3127088905670893 0.14162288477299065
2 0.758988712914117 0.4185988420144672 0.2931981051465606 0.1359195049932262
2 0.7549251134369125 0.11590850130069376 0.2799188015234118 0.11372508493856576