0 0.6678389372604159 0.7500794900250003 0.17332044796547172 0.1605067011403363
0 0.5924457006559346 0.5276298617127588 0.15270326958571173 0.13808849195640535
0 0.5230011982139314 0.26706151722617943 0.15572329758355374 0.1478018257967044
0 0.44213013571570653 0.4268009851409688 0.13750996535764004 0.12548156583768788
3 0.4308737626288461 0.8123509775364829 0.6975092701536199 0.37127373220095994
3 0.36451016940682207 0.5998595561268265 0.6666605253144795 0.33884834150198667
3 0.309752095096119 0.2691613439011012 0.6084129170003133 0.3652457647252793
4 0.3453259822954837 0.581096090786122 0.35970984672175427 0.22564314992614215
4 0.25705196578357115 0.2885921017251415 0.4102514971746606 0.2660636728859696
4 0.3621635196638008 0.8251354500139638 0.4974670217792551 0.3175688188348983
3 0.2739217861686129 0.45830812863358145 0.5074836615554994 0.2868085649594706
4 0.20400962012664461 0.4710436264986052 0.3618056019536025 0.22093340684336427