1 0.09275576736227584 0.6718123916783003 0.10811895104802928 0.13954166571178098
0 0.21965001873563064 0.6262709811043656 0.06607870629324544 0.07033063752593559
1 0.525337093535674 0.5892154040236828 0.0597902722269492 0.12287937010852391
1 0.32223307318102046 0.5974741798705211 0.04456996878070859 0.07653452758139313
1 0.8744612362677197 0.5405291455154531 0.0879650774220179 0.0857613628550937
1 0.409379944434528 0.5585878170154275 0.05920284215724955 0.08922552395467775
4 0.31937648789054485 0.485919255584693 0.09411546703188065 0.16290836164618866
4 0.20761862138204504 0.489923515939189 0.05615744005865618 0.18996314054819818
3 0.21819906968336478 0.43418721066469135 0.11108589410286548 0.44712201247007993
4 0.5247523932347886 0.4163064223477732 0.1101329970012852 0.2549262810963965
3 0.3192235470809424 0.4258790822055437 0.12053344155547882 0.4379544715907311
4 0.08978211726071329 0.42935981294186587 0.16718374874884556 0.35846292104014227
4 0.4058188642632658 0.3497890844328392 0.11371170329453051 0.32234593433809783
3 0.103333915147365 0.3623238272253032 0.20666783029473 0.7246476544506064
3 0.5310915996527693 0.32834211586437057 0.10685346528051799 0.6174592065911296
4 0.856854712789616 0.31076756315230336 0.19793023726053166 0.33107225933610557
3 0.8653311132641168 0.30676993065250263 0.22156673201404795 0.5843717929620238
3 0.42224109078642963 0.3040189592488174 0.1379356281177467 0.6080379184976348