0 0.767596747669469 0.8720294799813672 0.04515773981355737 0.06843588251911005
0 0.18327440850951346 0.8591046461598144 0.037386643116663 0.048616440560796934
0 0.7323562821518924 0.8559630746187507 0.042194335424355245 0.04900888904582628
0 0.5378196056389029 0.8460785263596778 0.042194335424355245 0.04900888904582628
0 0.2904682585207173 0.8342808909191284 0.042194335424355314 0.04900888904582628
0 0.6154200197932564 0.8344269680875585 0.04205444586551611 0.044201196738133976
0 0.09699361552581164 0.8196867624736205 0.042194335424355314 0.04900888904582628
4 0.19824779493181952 0.796776292780494 0.060979712325024624 0.11769015105112146
4 0.5405289545640098 0.7743555902293225 0.0409096057412213 0.0872742032648502
0 0.5080420590973771 0.7705046398784514 0.07682740849007448 0.08540987459487791
3 0.7610882700927901 0.7719755282329799 0.0815836534906013 0.24887141305641608
4 0.7155201103388424 0.7718530368559703 0.06338355847887064 0.117886375293636
4 0.08796351279936593 0.7565980897460765 0.0655775702944584 0.11087106107461207
3 0.19101414590736276 0.7542184244818996 0.1034281032134751 0.2578489697005868
4 0.2927579387693072 0.7481348778656962 0.07801646974020625 0.12627525921026225
3 0.08520994274842222 0.744382634734331 0.09227393345086131 0.2041794573459127
3 0.29587409454413993 0.731602291152545 0.11339321172595727 0.27065309743987626
3 0.7096282739501478 0.7342009729863257 0.09012414276111039 0.29513316270703716
4 0.6124473666679274 0.7322635065490969 0.08104981890882794 0.14810609883739245
0 0.830393001704603 0.7224756818487011 0.08735207523791261 0.11744477156493634
3 0.6060530549965046 0.7185517920966563 0.1169861191299352 0.3117147062977757
4 0.4940201533785633 0.618277435216085 0.1378770655945188 0.20550387179984525
3 0.48244631493943235 0.550184845938334 0.18606092839536906 0.5427780750646954
4 0.8624067586327551 0.5452286960692169 0.19397914083243142 0.3203977282120912
3 0.8564228669017226 0.46320359047467563 0.2797594810882033 0.7134999104992766