2 0.6663450647698572 0.6391561435255547 0.21141301428287507 0.12486485340191923
2 0.6050594445438304 0.7943552804302029 0.3763827243376785 0.23451670337372613
3 0.564874807805891 0.6571174163803607 0.715787168412983 0.2654293968449639
2 0.4503125290626696 0.37658153291339036 0.3719762871908458 0.20309861007578503
3 0.5432692307692307 0.8016826923076923 0.9086538461538461 0.3870192307692308
3 0.4355850460289071 0.19110576923076922 0.8653163645398538 0.38221153846153844
2 0.3706041771445614 0.1877785298711267 0.5481950007098851 0.3015716957680668
3 0.4147939958684737 0.38751639392096887 0.7932332629411939 0.31631336600421606
0 0.7848377853167506 0.08672030976495007 0.16555360888207432 0.17344061952990014
0 0.8987156313712147 0.6856872802211473 0.1447215038191785 0.12977362567495213
0 0.8701794108527149 0.5983418588592804 0.09193005267342504 0.09018597411049602
0 0.7364633856092238 0.3203526448527624 0.10952720305534286 0.10338185796531472