0 0.22951874754688628 0.14783653846153846 0.11298037249860347 0.11778846153846154
0 0.2635916034684258 0.7463942307692307 0.11705232307990719 0.07932692307692307
0 0.27418870439463244 0.9110576923076923 0.1200448419612973 0.08653846153846154
0 0.29717052656026943 0.34975961538461536 0.1074369384645225 0.07932692307692307
2 0.4330381796927446 0.7319711538461539 0.2488222578127462 0.10336538461538461
2 0.4737547100145386 0.23317307692307693 0.26648323310339816 0.08413461538461539
2 0.501916261038803 0.8894230769230769 0.31088065408404664 0.12740384615384615
2 0.5146694482396762 0.32091346153846156 0.26363778322085235 0.10817307692307693
2 0.5299257839121503 0.1045673076923077 0.4545715090987763 0.2091346153846154
3 0.539051004653414 0.2283653846153846 0.6404038014034844 0.12980769230769232
3 0.5422904899496521 0.71875 0.6996167477922394 0.1778846153846154
3 0.5687062363592958 0.11538461538461539 0.8193182965121776 0.23076923076923078
3 0.5648822440232546 0.8689903846153846 0.741021649891498 0.21394230769230768
3 0.5980191666542329 0.33052884615384615 0.7434746512890142 0.18509615384615385