0 0.12491539338458951 0.1733027335161326 0.21263050800863897 0.19214386164305572
0 0.49367890804439757 0.16148636281121836 0.1263612197334593 0.12533771071976504
0 0.8350250618905515 0.16943128273066307 0.188810679750789 0.1603903103805557
0 0.28314020965217784 0.2909823095911861 0.10321376466737361 0.10319954407264967
0 0.751016236496172 0.2550735370856309 0.09253928028167188 0.12215056260203
2 0.5657679027355672 0.5231543136235581 0.2802567936294036 0.4385111222811968
3 0.21033653846153846 0.5384615384615384 0.4110576923076923 0.9182692307692307
3 0.5745192307692307 0.5444711538461539 0.4230769230769231 0.90625
3 0.8665865384615384 0.5336538461538461 0.2620192307692308 0.8990384615384616
2 0.7989997563162796 0.54658234831421 0.1815145346738398 0.33061578618141046
2 0.2042829398698981 0.6047381729302886 0.32626605714836276 0.44438186725416695
3 0.3762019230769231 0.6105769230769231 0.31009615384615385 0.7740384615384616
3 0.8046814217799777 0.5935132984544879 0.30631125481027893 0.8111072761273507
2 0.9098557692307693 0.6358173076923077 0.17548076923076922 0.49278846153846156