0 0.12554257023292192 0.6495489201637017 0.0685440566207201 0.06287759953099936
0 0.16493899142729943 0.500790161981536 0.05216086636932647 0.029139842370264492
3 0.18329302770222444 0.6715121869919647 0.21303113350035877 0.10937580135514935
4 0.25125670812822665 0.3943574370962518 0.09003866391045576 0.06059961988748642
4 0.25286567964411355 0.5457577892851151 0.14107946552074407 0.07050869302698182
3 0.2423368776863192 0.9013452128727535 0.22703418613879642 0.1022481739004996
0 0.2978991090202473 0.30811965666580843 0.10471804848240204 0.10634262264963741
3 0.32018634779748134 0.401967552840512 0.31681654240038265 0.11718870203272416
3 0.318189550082599 0.5533469272776531 0.39019199986968517 0.13924287245178354
0 0.32259980507131164 0.629068081123807 0.08975864772069614 0.055791927579794114
4 0.39425223462119846 0.20895441091332187 0.23590211319800203 0.1719876826976678
4 0.3619821288447833 0.7482472655046912 0.23590211319800203 0.17198768269766765
3 0.5130744162998916 0.7431187156924081 0.5435232952676394 0.2963319825206713
3 0.578110902579094 0.27130137542250854 0.7010096595806672 0.3597270332608182