0 0.8555058587311035 0.6549357596911634 0.09884005919167294 0.08140151428343746
0 0.7776174239975576 0.6861627403486825 0.07918956917374341 0.06848659604213453
0 0.22499224921345967 0.8762973143741941 0.09643621303782678 0.08128955334942845
3 0.45565083095238446 0.8343550451763335 0.2934753125734002 0.29446139021306333
3 0.8864734918471229 0.7302913835381142 0.17792280887392062 0.28427957307293855
3 0.23729001732786054 0.9021238369294523 0.20290753147819854 0.17504618120412374
3 0.8168306303371744 0.765934193234294 0.2036935633067719 0.2662803741162683
2 0.44941608796834664 0.8754443516597363 0.2521596727591708 0.21093924603814976
2 0.893417930630523 0.7719668279613903 0.15832572860173855 0.20416892345795234
2 0.2384347011202254 0.9380695683031356 0.18596612983215907 0.102259030984685
0 0.4208675682120156 0.7651769781150117 0.12131411615060919 0.10644762422798018