0 0.32941941043819234 0.8293269230769231 0.10961619363730381 0.13221153846153846
0 0.42325221704440324 0.7908653846153846 0.11202003979114995 0.13221153846153846
0 0.8283352663571899 0.7920673076923077 0.07710718760775247 0.0889423076923077
0 0.750712741639918 0.7680288461538461 0.07958097854101819 0.09134615384615384
0 0.5601094476918766 0.7439903846153846 0.07498312057158457 0.0985576923076923
0 0.6384442820301351 0.7512019230769231 0.07731702194601116 0.09615384615384616
0 0.1650522029348647 0.6742788461538461 0.08261432770964 0.11298076923076923
4 0.4357204532343984 0.5997596153846154 0.09827068700868526 0.23798076923076922
4 0.3377701533785633 0.5793269230769231 0.16209963781765602 0.28365384615384615
4 0.840161137705618 0.6201923076923077 0.09248376778911986 0.20432692307692307
4 0.754334985788143 0.6033653846153846 0.09206409911260274 0.18990384615384615
4 0.5685044117580843 0.578125 0.10153959416914837 0.18509615384615385
4 0.1628047212573135 0.5144230769230769 0.12889118399390972 0.21634615384615385
4 0.6546931493994484 0.5661057692307693 0.07757107741010626 0.1875
3 0.7513973050525237 0.5024038461538461 0.181367401992933 0.6153846153846154
3 0.8489978810112611 0.5108173076923077 0.16262624621810046 0.6322115384615384
3 0.6495614568482413 0.4723557692307692 0.16764377286405116 0.6394230769230769
3 0.34099483941318975 0.4423076923076923 0.2589127557494564 0.8846153846153846
3 0.4477911313107948 0.4362980769230769 0.22250533954466653 0.8725961538461539
3 0.17083709959963223 0.37740384615384615 0.21994310635972758 0.7019230769230769