0 0.7646722922685333 0.33767906325070474 0.1238828328355238 0.11843324158786982
1 0.2654258327621006 0.44761857590084403 0.03661711795524443 0.050387604991907316
0 0.6221312594256673 0.4933308653207274 0.06099123488223713 0.08077421344805079
1 0.42850975891154136 0.4905455903256961 0.03896502154433534 0.04573395814521401
1 0.4992134358321708 0.5131187775790115 0.034269214366153516 0.05504125183860076
3 0.7433148635117518 0.6225814146009049 0.20072704830335214 0.7358813291876088
2 0.2576959835112623 0.5950700007098851 0.062194000024474366 0.18413959806343555
2 0.4955229106889547 0.6235416551949355 0.052159046173425594 0.14746572391174723
2 0.42569948709790584 0.6286897214413505 0.06948945233314568 0.19181327290797073
2 0.601752825552102 0.6940986012863122 0.08718348516377471 0.2674108219041943
3 0.5030552768325216 0.6998019681545858 0.07491419698377341 0.4515827029843544
3 0.2554031804216126 0.6887429779793857 0.08788445135384283 0.5340836995201184
3 0.421072766060354 0.7161990378652366 0.08754879596531154 0.5052375456739645
3 0.5949519230769231 0.7259615384615384 0.12259615384615384 0.5432692307692307
2 0.734375 0.7572115384615384 0.18509615384615385 0.4807692307692308