4 0.791853292306156 0.8595495642167779 0.15533882580805114 0.10990729643048852
3 0.723705551429185 0.8731894452332819 0.40755524678523725 0.19211526159230521
4 0.6116766440207624 0.31862655290601 0.07251170035913372 0.04888809026587364
3 0.582550473984849 0.32309858982517103 0.22971804848240204 0.10837056003034817
3 0.5993203688600077 0.4688249805978283 0.2202426719618973 0.11066252105468398
0 0.49160512218336605 0.7694587498163603 0.0726517084540136 0.05129193641971979
0 0.4112129193987084 0.39447189339223504 0.03815781373088875 0.03647726154335647
0 0.4135490046555755 0.6434657692919553 0.06289631574374911 0.04877620513636316
3 0.35825829996665315 0.39505844825685077 0.1731458055491325 0.1269300184840548
4 0.33167598417946564 0.39715461030454324 0.12070492299004656 0.09268877540027905
4 0.3758941951024414 0.8150190995446127 0.1699019108260078 0.1124789702786004
3 0.3214909560645778 0.6339754133819558 0.24666127111331476 0.15180761849384466
3 0.34344227202551825 0.814641487232515 0.38337677715189594 0.18943170261468312
4 0.2982225390479549 0.6204745467120258 0.16157030760543117 0.09316428720069816
0 0.8872015311268282 0.8125495355113928 0.06303632383862898 0.05118005129020931