0 0.7002514693292736 0.3498839898786308 0.1264926719618973 0.1130705381687994
0 0.4082767526500654 0.42192187598631176 0.11673727925163281 0.11027489511529541
4 0.611855096595579 0.623267429364083 0.22787199155761412 0.37140440257341195
3 0.2692307692307692 0.6382211538461539 0.4182692307692308 0.71875
3 0.6298076923076923 0.6213942307692307 0.3894230769230769 0.7524038461538461
3 0.8100961538461539 0.6129807692307693 0.375 0.7692307692307693
4 0.24372734751513264 0.7053920941206555 0.2703700562297758 0.48345056402405145
3 0.4675480769230769 0.6682692307692307 0.31009615384615385 0.6586538461538461
4 0.8228216714840765 0.6426552942364049 0.26969372429626703 0.4306638978643508
4 0.46014350540872645 0.7154094474398789 0.2373236595372289 0.41015978870969366
0 0.2555862263742848 0.373732741736851 0.15431135206211252 0.17895387657179
0 0.5303602911984804 0.33576703106062367 0.11036578935937304 0.12440412436362891