0 0.8025626622729036 0.7643048659082249 0.158451686223165 0.13895196093939433
3 0.4743294655654777 0.4450628528945026 0.914704084946847 0.456028140364841
2 0.5136896872079173 0.6462515096336746 0.4992089535600849 0.3119959341814055
3 0.4043581104485024 0.22235576923076922 0.8063629147258289 0.44471153846153844
3 0.5057805055632791 0.6537078548231814 0.8883123172372096 0.42167484641679975
2 0.44202036579516063 0.46527284903714494 0.5678108522686359 0.3667690586103476
3 0.521236852298898 0.8230740915002059 0.7989668096164192 0.34470754836788614
2 0.5152607435805829 0.8581746674589434 0.42149595012997254 0.2641545690963237
0 0.825728270588239 0.3722110255404152 0.14609626885805171 0.13379454473460434
0 0.8520019250161657 0.5412625107100519 0.14302004951244113 0.1241092153398003
0 0.7113192682914101 0.18284101396834226 0.1788591085395219 0.15633844225167337