0 0.6450827453835295 0.5671025033089295 0.05144583291670447 0.05558215006257218
0 0.7963152566223731 0.5782406685058281 0.07594584665278713 0.08216430943302801
0 0.45213349713109 0.46727376344038957 0.03415735764216015 0.02904194619556099
0 0.402114280097942 0.44112514427219257 0.04398253871100895 0.0411171176360509
0 0.3281614997530644 0.4091067613975282 0.02458393231746829 0.031389851678148
3 0.29511606331426427 0.37444678451616614 0.0651014760229555 0.14940207590164625
2 0.386357318933686 0.3799249635238192 0.06422033091840618 0.09892130667087702
2 0.46064577360410625 0.3927125771677144 0.0714318693799445 0.09896326217432151
3 0.3254788349175375 0.356243123764635 0.09917491508372987 0.17363632978951493
3 0.4723442264009634 0.3421688746817786 0.1421802235244489 0.29647023148852025
4 0.8185880744283727 0.4038499410094636 0.17280083416405637 0.26059434636242035
3 0.39946749126093045 0.3173550376847452 0.15672917831960434 0.3037656809569476
3 0.6800041833191522 0.3565841576657987 0.22992333790864777 0.5036904815928074
3 0.8353040159863863 0.34125903741866737 0.2795107954505127 0.590508646487565