0 0.5960351729056955 0.3378015847323242 0.08795022125459112 0.09322563580678697
0 0.40845936293169005 0.3782669249895314 0.09102644060020172 0.10296700066083275
0 0.7219261793780715 0.3228439219967501 0.10595379741710212 0.11093442055433819
0 0.35069124526537687 0.4255351981344412 0.10886192346477162 0.11827193925453781
4 0.45270308685582744 0.5314729560230953 0.14644892880386434 0.24478370211847164
4 0.6460111022762014 0.5044807300893642 0.15130716109422693 0.21150779668060898
4 0.7993529762285319 0.5053319269021398 0.19033999278218927 0.2901945969449422
3 0.482397943866652 0.5964976716059606 0.2582519250161658 0.5763680478720115
3 0.6835393309576587 0.6130266369187825 0.30812733438777085 0.6388578262527271
3 0.8238281443617764 0.6155887885727679 0.34285675366186436 0.7245042045012765
3 0.4230769230769231 0.6730769230769231 0.30288461538461536 0.6490384615384616