0 0.1095936510554541 0.6969773401589513 0.09909152688946553 0.10263991008925188
0 0.24928364526941763 0.6489092301430198 0.05477312442894212 0.06582695054908837
0 0.7948039708068642 0.6223553171772536 0.06749180299236784 0.09007520854101395
0 0.5255032567966753 0.6200597227735029 0.06679235519817289 0.06603674700255241
2 0.5259321742093194 0.5226619942520407 0.11477360984209366 0.14616089660263945
2 0.7799925845063155 0.5114636994201344 0.10366366120531668 0.17720110014917528
2 0.3145685746194066 0.5129599612864563 0.11094514444627443 0.17973082417509995
2 0.1078028329989276 0.5105533853637959 0.18177579937852512 0.21940918206673046
3 0.7865488962994955 0.45145146415536624 0.12323692815185439 0.43702628121802406
3 0.5272132908017888 0.43730447614515583 0.1283243995772247 0.4467255844147943
3 0.3251852967095826 0.43738566495772735 0.11968824187371314 0.48021159340586916
3 0.11872144476970006 0.3832754170820282 0.23053771788698527 0.7392273813671993