0 0.5380037082151031 0.34111872360045337 0.04282549794370132 0.03675043983503283
0 0.4727616960945026 0.3098493728168839 0.04777319834627337 0.03951859112784229
3 0.4773582546846449 0.42985952793971005 0.1368318055925707 0.08934531439840973
3 0.46043874059462225 0.34481414970768676 0.1892963966925469 0.08614113246546587
0 0.41766065973270106 0.22669724578084777 0.060632477684782825 0.054852430898327004
3 0.46905772797448175 0.8420639297901703 0.3196404128388683 0.14627598787875856
3 0.4061658985316542 0.2964267156176791 0.1943841051899988 0.09131312991212134
4 0.38495130743167816 0.30199888095388333 0.12086863962581654 0.06181009128921259
4 0.40680554607859737 0.5334056457162997 0.13174409709511892 0.08417331695175424
4 0.41692169172127586 0.6454577207243681 0.13627177321305176 0.07972992978302511
4 0.42132009243954344 0.7415204905934735 0.11690099588740265 0.07586886307332627
4 0.44185610845554996 0.9297491008713998 0.15578255863358045 0.0859948426465701
3 0.39358439223244357 0.532403806584151 0.3023934654773057 0.13778938143084915
3 0.41106281712675485 0.750316188646191 0.28556654240038265 0.1365143134444782
3 0.3898493476020092 0.632636734767763 0.299149570754181 0.12318415193829078
3 0.3954326923076923 0.9290865384615384 0.3485576923076923 0.13701923076923078
3 0.32924170003334685 0.4138494526089008 0.27522740876970914 0.1644497044432241
3 0.3029642305520395 0.25031476923791446 0.29093426708759407 0.1464940031988259