0 0.276570879438614 0.10655731280614199 0.05822693828589499 0.07630489371346084
0 0.29997686826742254 0.8931987449811414 0.08255924749909987 0.08533795786981511
0 0.31404076232953027 0.6663995885816429 0.04542411371734859 0.05616336163528392
0 0.33179411289969846 0.585761734767763 0.03100103679427167 0.05507044621839441
0 0.3409482752857572 0.3019257360444354 0.04542411371734873 0.056163361635283716
0 0.33578150722594446 0.7837878822305556 0.05283155062871604 0.06151751165142071
0 0.3442683771286674 0.4275632700376209 0.047436162971537035 0.046730129589380755
2 0.43667152173166934 0.11266084329205135 0.18670822591380004 0.11240128758829204
2 0.4375633436689292 0.5937764478249524 0.12842822287200567 0.09360654899765727
2 0.4358533223763686 0.6949201388559725 0.16169027212619397 0.08654130035501485
2 0.4482622514191116 0.30161806384790396 0.11709463667717603 0.10952270922717257
2 0.446431838667129 0.4353047542405879 0.1234246321144845 0.0884345515510018
2 0.4706499451904996 0.9061315774143333 0.20373104744055198 0.11848404788235538
2 0.47694522796297384 0.7812226536990738 0.1772887397482443 0.11648036961805822
3 0.5062851109682934 0.1203471139608632 0.5317315658376879 0.1696991050241573
3 0.5132355229026259 0.6007161768405452 0.4076661736178174 0.1243516316729047
3 0.5187431217323424 0.4359616390173428 0.428908992102775 0.11637562018285422
3 0.532641739866013 0.3019837883951437 0.4424954104706368 0.1557479214918006
3 0.5272974254474369 0.6994380903424262 0.5061259167005953 0.129416040867803
3 0.5558313795277819 0.7980509961842736 0.5251607874815355 0.12606556911596337
3 0.5552884615384616 0.9134615384615384 0.6057692307692307 0.16826923076923078