0 0.9423076923076923 0.8581730769230769 0.11057692307692307 0.08173076923076923
0 0.7586670306036556 0.035655327861660896 0.12791098428423425 0.06322722872636942
0 0.7441748956531361 0.2662777143688363 0.13065071324010746 0.07045275235572267
3 0.7090162047448635 0.3369674132222611 0.2889226379069649 0.21796843331267027
4 0.6956567566948721 0.35972004067691077 0.23290311637009717 0.1503530673130524
3 0.6414416876625867 0.09865799254784414 0.42230645224825025 0.19230929501799118
4 0.6368019367559079 0.1022357914429838 0.26666892345795234 0.15295270581630568
4 0.7312734112701759 0.8922348970090004 0.3314608086777895 0.1509264591934589
3 0.6622596153846154 0.8822115384615384 0.6706730769230769 0.23076923076923078
0 0.59913093083608 0.6607594152651224 0.16028059362432445 0.08744749744642305
3 0.3803579114935991 0.7363888641653307 0.6294323986753987 0.2535941881284026
4 0.34156049023003365 0.7289535630187556 0.39368422027011457 0.19694916531190587