0 0.37806466481823214 0.4271232588565702 0.054993926808606645 0.056463414484294955
0 0.22603368439838045 0.4234365792325319 0.0787870088608834 0.08340927343910264
0 0.584034717968612 0.5162573722836534 0.033604690910175976 0.029573505669764934
0 0.6377777648227083 0.5402948288830658 0.04640881864946559 0.039468640986538454
0 0.7158536095790382 0.5673785533104695 0.026589376691152192 0.0318095014027778
3 0.75355463032627 0.6014230455072109 0.06985821072821735 0.15038126490512838
2 0.6607122170394213 0.5999713566771363 0.06814134778925543 0.09995644581463682
2 0.5853099771788745 0.5908885033334398 0.07515666200827908 0.09772045008162394
3 0.7249782352220533 0.6201512684145294 0.10547429930720999 0.17520302840747867
3 0.5798153016562979 0.6415930731253201 0.15134320374063584 0.2962345882039531
4 0.22583686505761708 0.5980511262280447 0.182053686256762 0.2609601978601497
3 0.656198662729418 0.6626951572382473 0.16635495339125692 0.3037818275071581
3 0.37119582449980426 0.6380192987208864 0.24514156551997437 0.5047557619236114
3 0.22012138767069078 0.6608029018592947 0.3000863370849109 0.5900093801137823