0 0.856827210606668 0.25642941861664037 0.09823797906174019 0.10601421352324973
4 0.9242788461538461 0.39903846153846156 0.1466346153846154 0.17307692307692307
0 0.42543678602374424 0.5696637717804486 0.043891063978324936 0.04660504289198013
0 0.582998025740973 0.5410879717744804 0.03119946001732971 0.03600853706402227
0 0.6235860004181107 0.5510714256191422 0.03600715232502202 0.03640098554905148
3 0.8401442307692307 0.49158653846153844 0.31490384615384615 0.6177884615384616
3 0.5795433164917749 0.6126882181617433 0.10395315119173873 0.18774498275401896
3 0.4348417740334825 0.652302127724369 0.10926512339325438 0.19534896970058677
0 0.333577555642362 0.6907878470755767 0.12032633435750863 0.14844939207875177
4 0.6745792862176685 0.6061392836593369 0.07588045050269006 0.1280904326365645
3 0.6706120603996819 0.618550962913597 0.12162054075836738 0.20113778322085232
3 0.3462268562956521 0.785249209546213 0.3076406477767576 0.4003620825280626
4 0.36085976985793544 0.8735047323897194 0.21587482065219085 0.21600206714046302