3 0.8461538461538461 0.6649166743057511 0.08653846153846154 0.17710751670124752
3 0.8028846153846154 0.6645281249640671 0.09375 0.15340493796481305
0 0.3137019230769231 0.5995717904195164 0.057692307692307696 0.06999475472390852
0 0.8569711538461539 0.42763400394886436 0.04807692307692308 0.05512383406479566
0 0.051682692307692304 0.6562466860726524 0.06009615384615385 0.07491440796560986
3 0.06129807692307692 0.5836834577212318 0.12259615384615384 0.22686385378830565
3 0.30288461538461536 0.4822871530840953 0.15865384615384615 0.33190865241382556
0 0.09735576923076923 0.5363309667880197 0.04807692307692308 0.045508449449410904
3 0.8052884615384616 0.3086469332608273 0.18028846153846154 0.3281086085122143
3 0.14543269230769232 0.4463513634924548 0.21634615384615385 0.26728802252234946
0 0.8569711538461539 0.09349938856424898 0.057692307692307696 0.060379370108523976
3 0.84375 0.07234244226179797 0.15865384615384615 0.14468488452359593