0 0.5007468896171848 0.14389549769632967 0.08197155214961317 0.06721202387468997
0 0.4585164046225856 0.6205215115623535 0.07245411675914298 0.06933609091085803
0 0.43417801374864184 0.8937427463106993 0.08668129523239106 0.06494806727968284
0 0.47862053659070053 0.4806787659627595 0.06696077987704954 0.052369278275095965
0 0.45658804264568853 0.756233902085532 0.060043089090254506 0.05937098239837614
0 0.4990185162335588 0.3336244819016271 0.06764642445145068 0.06919620135201904
3 0.6910528115837186 0.629361867958661 0.5590554165542257 0.16752960695879493
3 0.7268553519160951 0.13371491920012654 0.5358005488150795 0.18606092839536903
3 0.6704181391654586 0.9000743393840314 0.556749519625294 0.1698635083332215
3 0.7077470727708932 0.48481634722050404 0.5448282380809777 0.17191763058997012
3 0.6856656042134239 0.7615734064201996 0.5447302888560632 0.16951378443612397
3 0.7198785147126616 0.3344011006565707 0.5329069565366613 0.17397175284671873
3 0.7416396032174378 0.05055794019151773 0.5119131012574321 0.10111588038303546