0 0.44607443647954226 0.42172383915023615 0.07054264698867044 0.05243922305451553
0 0.4606695427776366 0.29245359451498154 0.07535033929636274 0.052579112613354524
0 0.4679954740608248 0.745006174452834 0.061081307834284684 0.054563290090683565
0 0.4847024770991298 0.5735287325664328 0.05611957006559351 0.05201955437799855
4 0.5996609239287852 0.30045100046759055 0.16117945475196663 0.08146948758534506
4 0.5940184382826488 0.4378898999133384 0.17110293028934911 0.08655695901071535
4 0.6314445558253131 0.5897297657192447 0.1993937835136443 0.11617250543048385
4 0.6207471681716237 0.7610323456570973 0.20343124851634187 0.10429316422009222
3 0.6587862228895145 0.3023431226025818 0.47629822758894874 0.13142769352526587
3 0.6553935379362252 0.437308231115064 0.48458808427747996 0.1484644509404474
3 0.6749448547860424 0.5920765289204628 0.46853138850555165 0.1599940682537418
3 0.6776226664395056 0.7653982587253542 0.5003975703495473 0.17051873500157994