0 0.09842010727144872 0.7798760475480595 0.19684021454289743 0.2094999027174382
0 0.2907165644995732 0.7804419624613121 0.15789686634667116 0.17045446542862855
0 0.44538615151906263 0.7094639348894012 0.17383278295121832 0.19301335357923768
0 0.8097957137823315 0.7122921071925513 0.1500634946760386 0.12687714373740006
0 0.5838341753207931 0.6978118338586494 0.12753787281904722 0.14697130451202567
0 0.6703556035428845 0.6345397641479985 0.11316533587864058 0.11254723105318476
3 0.11840205807259065 0.46435601955021755 0.2368041161451813 0.895058192946589
3 0.25415347236517766 0.44005236439787676 0.32979489647224663 0.8491379063236513
2 0.4753660951766593 0.436118677925435 0.22819617138456366 0.35444001803106506
4 0.2480345403402566 0.42396522801487985 0.20494763635313748 0.3984185948831535
3 0.440653149252496 0.41457722677968145 0.2838867129186281 0.7744037488712844
3 0.8418768236641921 0.40889877330550806 0.31143866036392337 0.7235217244796555
2 0.8676885015060006 0.3332850828009223 0.2505701732935442 0.4348452593349809