0 0.4654935226473969 0.7444148952009457 0.06714207909527058 0.08070329548483048
0 0.5193002819912574 0.7508800976815355 0.09442372414061222 0.1110895383746621
0 0.19347059788530976 0.649868898987756 0.06466828816200479 0.07815944123610472
0 0.12813422122815513 0.6272768139046417 0.07463339667448696 0.09073870438485443
0 0.2825877675261662 0.6386789840925892 0.06975575958737515 0.0880548420412488
0 0.38429658799840094 0.6483536400601989 0.08198482469486433 0.09596642097718608
0 0.057802428487968016 0.570178979827958 0.09194993320734658 0.10854568412593607
4 0.31531585663010286 0.5035854254155704 0.11222987412940852 0.14572344119266653
4 0.42296434770753344 0.515313907299827 0.1151233337391912 0.16269037236446934
4 0.1806876101879268 0.47063049816089264 0.12324415433318332 0.19436039664910856
4 0.5832526474416112 0.5323756726351903 0.17348936557211111 0.27167978931593456
3 0.6120859394609736 0.48990019492868825 0.29278366242289 0.6601916920470627
4 0.10772927512884359 0.3800888300726823 0.1392060164034894 0.24808506060300262
0 0.2354957070065787 0.40144455084276853 0.08445861562813005 0.0985102752259121
0 0.3490838686892052 0.41522685864367187 0.08693240656139577 0.10105412947463813
0 0.44046499492506885 0.40870462796131757 0.08968597661233947 0.1132133683387485
0 0.5042718351711211 0.40138864421623455 0.10947630407846468 0.1335642023285559
3 0.13581730769230768 0.3184396113371755 0.27163461538461536 0.636879222674351
3 0.3890805792073083 0.23651404896022293 0.21040489270509147 0.4682114330109102
3 0.27432546683746856 0.23336050209973688 0.2590413740173706 0.46672100419947377