0 0.718568994173557 0.18383019702048503 0.055708016572905396 0.07275872411006959
0 0.20688540743188144 0.23556462156636235 0.06767130667087702 0.06328319590657301
0 0.603541000568219 0.24378565238943678 0.05327620008342967 0.06792306051999966
0 0.4570672146134737 0.26972363493363355 0.058153818230196046 0.07999823385398568
0 0.3934561951273468 0.2846073959506269 0.05554019455912796 0.04391257026391575
4 0.7292402589589588 0.36543246676538005 0.10466600522216069 0.2247604574499294
4 0.628572409021531 0.4147384421362898 0.1238128634460412 0.2105611507858733
4 0.21645963789897105 0.4351817518239148 0.1338198327602401 0.27798072822307607
4 0.4641117324163841 0.4476781785241929 0.10964151954363056 0.25366255386083847
3 0.7357533403849068 0.45204085650978565 0.1430032798836649 0.6170069497625167
4 0.38496661652105335 0.4780051262057319 0.058923002460009824 0.21220977231552413
3 0.6351204533670162 0.5073564472653107 0.13094209361098963 0.6096555548890901
3 0.3901029602723934 0.5345514533858717 0.08988091664619802 0.5755261969348247
3 0.21358109739457123 0.5601397949003484 0.19651722781994607 0.7257953948979009
3 0.4767812734890029 0.5595968810899271 0.16479173211424294 0.6437009989962228