0 0.12342322656975699 0.1533357017884181 0.1547550848876419 0.14625269389762663
0 0.6332486233274613 0.13320575300927692 0.15221123063891623 0.14373688680977145
0 0.36484604839552554 0.18065712731605993 0.144719675987618 0.13859331170005207
0 0.8536324249594686 0.10968419323429403 0.18301749781338664 0.17873426417172575
3 0.18548798328898136 0.536103730992654 0.36061536755685997 0.9229848457069997
3 0.6862698820812653 0.5055483377902367 0.3921453837466193 0.929248030156809
3 0.8641826923076923 0.47475961538461536 0.2668269230769231 0.9206730769230769
4 0.17668893870198527 0.5919519972011607 0.31809583749426906 0.6045575440592171
3 0.42077303590569987 0.5408125399267754 0.39004526232342285 0.8931903378491168
4 0.4304928658046291 0.604234560668676 0.31303183753770725 0.5587725062021313
4 0.7065851532597374 0.5853494378730243 0.30554028288640933 0.553628931092412
4 0.8930288461538461 0.6081730769230769 0.2091346153846154 0.6538461538461539