0 0.4107906893841556 0.6998630562213451 0.07955747279963628 0.11207846432157272
0 0.228546225427884 0.6806731734677125 0.07692970477777208 0.10714479177521952
0 0.1082156235317388 0.6514746329537857 0.07659382197574509 0.09993325331368078
1 0.5600267395208067 0.6775627639759294 0.06334302093241516 0.07286104442806728
1 0.6563781742728424 0.6524909064799681 0.06435066933849634 0.09449565981268265
1 0.7859652586398643 0.6122928591290095 0.07877374626157299 0.09525154124464964
1 0.4819116813028495 0.5180423885803814 0.05428744098707565 0.08437635424265338
4 0.40546940924033226 0.42608166596984803 0.1264753757062026 0.3471412448245671
4 0.24731938728952668 0.406949662525904 0.13373958070739805 0.2971643965484425
2 0.5740745228115901 0.4276887442145905 0.11210496532278268 0.296030574400492
3 0.39781334097010534 0.3835104373228957 0.17312331805978934 0.7308645461500394
3 0.24298918591504642 0.37057701962155876 0.18709855124683022 0.7220050429666217
4 0.11706716517314586 0.35795344170723264 0.14123433543130665 0.3551086647180725
3 0.10613789654682917 0.3597903767871036 0.18195497613711087 0.7145415440277609
2 0.6769393971512817 0.3921145296229745 0.1297156149377689 0.31373935914804324
3 0.5753357402828653 0.3747411387106446 0.16881613602778997 0.6898731812959937
3 0.6743412763265936 0.3702909438803674 0.16758456575369088 0.663430873603686
2 0.8012709454745752 0.3612799064100781 0.14357888719080072 0.3024760098107793
3 0.792047424128222 0.3523625239169719 0.19899919322735662 0.6171176738680191
3 0.4816187014073888 0.2915139390448677 0.18557713685566585 0.5348829836826052
2 0.4889158675331079 0.26418465887228987 0.11523324362033982 0.2602248425701221