2 0.39475736637869485 0.7209736416825526 0.24450879245686757 0.09997019425698667
2 0.3789198401564165 0.5021537158434787 0.2642011138852579 0.12652438329181293
2 0.3678805694262899 0.6270767974204973 0.17420982392562948 0.06591077823651158
3 0.35445905594221244 0.2712656111478221 0.6980263224262722 0.19394555965232235
3 0.3493570248451213 0.7363329234940714 0.6760560327161141 0.17458892391121977
2 0.3351863274207504 0.2687498836514576 0.3631364398091857 0.1487323905568348
3 0.3271322496219921 0.49584341935084514 0.6399983404084217 0.17437914639399799
3 0.2957861644562516 0.6278591654629765 0.5715157879613302 0.10667986938749152
0 0.6445421103876023 0.2969892854079666 0.0978322177815593 0.096713252866438
0 0.6229758934766546 0.7138887710864967 0.10483395978963372 0.0847359776006516
0 0.5930719443021883 0.5154176265482262 0.08075353896047943 0.08219227976865759
0 0.5446681599607142 0.6341143226395002 0.06818883741224177 0.050872353929583516