0 0.38063695842916806 0.15720014155402648 0.14727939543402366 0.12746491497721482
3 0.5612980769230769 0.5829326923076923 0.8725961538461539 0.3629807692307692
2 0.6109242264957274 0.3823031926459912 0.4823668817900452 0.2662851665418246
3 0.5817307692307693 0.8197115384615384 0.8317307692307693 0.3557692307692308
3 0.5901442307692307 0.3798076923076923 0.8149038461538461 0.3317307692307692
2 0.6124305556833362 0.5742331362452391 0.5455439448561782 0.31646069355455
3 0.6454326923076923 0.18389423076923078 0.7043269230769231 0.3485576923076923
2 0.6906095074253915 0.18481388886097264 0.4018075950251305 0.24428424011579664
0 0.21531950481301768 0.49680634342817 0.1351061192037939 0.12464134803620816
0 0.25299835927251124 0.3362256111921963 0.13448993735979814 0.11502596342082355
0 0.2544239809183083 0.7140339109273607 0.16758848289178557 0.1449633913135944