0 0.8430698382879231 0.1963771416854708 0.08298954795155403 0.07401768938482912
0 0.7932996472301178 0.36115149856543877 0.09028500499447827 0.07899323211335485
0 0.756004155846987 0.4312257079997336 0.09024304570378551 0.07658938595950869
0 0.700725131124066 0.773828730124039 0.08315738511432559 0.08363307400021387
0 0.7300775262273481 0.5388392835200327 0.09509269730217085 0.07910513239391033
0 0.6751131961846233 0.863413459490492 0.10027802322609848 0.10085164805908146
0 0.7685776704562162 0.26197835471469083 0.10006822677263418 0.08883241728985056
0 0.6574017744797876 0.6381502928433768 0.0830734665329398 0.07882538169252157
4 0.6465838430329309 0.15573153787500055 0.22573957542371959 0.13020336304583352
4 0.5306185046253422 0.7374043470873937 0.19689342157756562 0.1295319613625001
4 0.554911451676775 0.5167260771259087 0.2087028558933322 0.11779248129465823
4 0.5654648370405709 0.39432574877072696 0.21351054820102464 0.11790438157521385
4 0.4710590084972036 0.8430326975668806 0.21662770229664885 0.15882571633087614
4 0.5656624669096803 0.24523133709198763 0.23771684690225747 0.12807926759337626
4 0.46901454608306076 0.6157293606777248 0.2183601997994097 0.12042012800961562
3 0.5325270285973172 0.14586236775026754 0.7077675849137351 0.2135087757167741
3 0.4564586575958148 0.5084225059899042 0.6167151461024312 0.22820959346314168
3 0.4728118618907619 0.39818128375464784 0.6547570916570412 0.2050663341691245
3 0.42145330107880646 0.7228393849355239 0.6576644492992014 0.23396843815555604
3 0.47950163898745424 0.2215825166573722 0.7009336800684322 0.23497554068055615
3 0.3911622814725642 0.5982859811186969 0.6257431006481161 0.19477954787040647
3 0.36765104083657724 0.840431016043964 0.7353020816731545 0.27220818593408186