0 0.6715769550729658 0.763342431838028 0.1399046427607648 0.1305908617053209
1 0.4983592969282586 0.31652692697551194 0.052439753729058194 0.048370611601033724
0 0.5335721503938516 0.4729447489892895 0.06244693524410066 0.05804193688767748
1 0.5614000091825848 0.6545540075311 0.06205513834444281 0.04842655227229314
2 0.4282784038015699 0.33654705683266783 0.10821796139209201 0.06071150123000498
2 0.4239257449536158 0.4951379697313474 0.15698052904341622 0.07781812766322378
3 0.3737245614499667 0.35425424412677364 0.3354977242465334 0.15335827568293475
2 0.42089540064200676 0.6861808057069501 0.21373822895559444 0.11419747883065658
3 0.443331961917003 0.7944587713886379 0.6299341654278532 0.3016711112053257
3 0.3606156187763505 0.5043827473996398 0.40118516419969513 0.1729666444447035
3 0.34532117063322454 0.6893460421515532 0.513035427200506 0.2048599621641842
2 0.3746488903170663 0.8192935861373934 0.32494773185101933 0.18934604215155312