2 0.7134578978629023 0.6034551929197156 0.12258892766482504 0.24893877540027903
2 0.49493059402795214 0.6345776380183884 0.14966073837190813 0.2708810748910481
2 0.6211325171048752 0.6360461303432128 0.08209899060012059 0.17877969642069894
3 0.26802884615384615 0.6586538461538461 0.2668269230769231 0.6778846153846154
3 0.7301577932077776 0.6493380544606246 0.23621047120129454 0.6852097231062924
2 0.2647116727579505 0.6956222892694388 0.18137462817426186 0.36977442258727156
3 0.49399038461538464 0.6790865384615384 0.23798076923076922 0.6370192307692307
3 0.626175767404409 0.7106492749595764 0.15606993442492012 0.5737377189932857
0 0.26889188460566515 0.3866721159354528 0.10389921919715785 0.10213633232139795
0 0.6864138333641997 0.3759001334279677 0.09449366892003151 0.10923598565342593
0 0.4915402947809039 0.42052344519657026 0.08898652881814438 0.08514158155020929
0 0.6130173321563456 0.4604115190593667 0.05738680492104683 0.07275872411006959