0 0.2641282521359502 0.8020622934273014 0.04662422930779918 0.043259009149946445
0 0.31609170008408055 0.7410059553622624 0.058643460077030016 0.043888910343252534
3 0.3865285804911318 0.8169007471374818 0.2928236395251069 0.09937822426261533
0 0.40232545066816183 0.6035253505191494 0.06082350566976494 0.03439950596652895
3 0.47136357756826863 0.7395162961405225 0.3411243631631411 0.11151321365122321
0 0.588372756899038 0.5723604442806738 0.07345818798205118 0.06147171485214232
3 0.6266934150708329 0.6321314259108906 0.3793621010635685 0.10391351285441694
0 0.6340488486392625 0.41951702153416714 0.07099839168792735 0.058941888459635
0 0.7020029823772969 0.24016319016638005 0.08575716945267085 0.07412084681467891
4 0.7266218858153307 0.5784023849267672 0.16759983896399597 0.08321186723685049
3 0.732687451340224 0.5763134893695739 0.32681318652061964 0.11556502452694854
3 0.7492935886731834 0.4315736883745181 0.26923277910886756 0.11734919110677293
4 0.7651703643044333 0.4215752522335079 0.1551889572128207 0.06575504296662174
3 0.7867250742348291 0.21933211390413596 0.22870309533514954 0.12963060397261028