0 0.2519328512390996 0.902740984687078 0.16954713757215498 0.18732068624707174
0 0.5962845224816994 0.8889431880150002 0.1767586760336935 0.18786714395551649
0 0.031226390991600756 0.7060215097364123 0.06245278198320151 0.2053122502420554
0 0.4364853861933619 0.7644136619974436 0.187795418454345 0.2388943708947302
3 0.78125 0.5829326923076923 0.4182692307692308 0.8293269230769231
3 0.6478365384615384 0.578125 0.37259615384615385 0.8389423076923077
3 0.27790894317379355 0.49612667954811485 0.5114898059601052 0.9780454586766668
4 0.7915661276600818 0.593072865963702 0.38218703097716566 0.6910024392038421
3 0.14783653846153846 0.39942353686927073 0.2956730769230769 0.7988470737385415
3 0.5132499195553565 0.469233248656933 0.416208021086528 0.8561033507907146
4 0.3059382492738335 0.3495652090729473 0.41216196299079455 0.6765434995301794
1 0.703125 0.9723557692307693 0.15625 0.05048076923076923
4 0.10697115384615384 0.28094232780346856 0.21394230769230768 0.5618846556069371
4 0.5551737762453215 0.3466923083449342 0.3704216782785878 0.6303598276492435
0 0.8885453380097015 0.27041244304814926 0.20935830833778915 0.3026694388811013