2 0.2956730769230769 0.5817307692307693 0.09134615384615384 0.19951923076923078
2 0.16346153846153846 0.4807692307692308 0.1778846153846154 0.3485576923076923
3 0.30649038461538464 0.4807692307692308 0.1466346153846154 0.6971153846153846
2 0.6069711538461539 0.44591346153846156 0.14182692307692307 0.35336538461538464
3 0.17307692307692307 0.43509615384615385 0.23557692307692307 0.8701923076923077
3 0.8028846153846154 0.4567307692307692 0.24519230769230768 0.8870192307692307
2 0.8112980769230769 0.41947115384615385 0.21394230769230768 0.5168269230769231
3 0.6105769230769231 0.39903846153846156 0.18028846153846154 0.7884615384615384
0 0.8028846153846154 0.8473557692307693 0.17067307692307693 0.13701923076923078
0 0.1875 0.7932692307692307 0.10817307692307693 0.12740384615384615
0 0.27884615384615385 0.7884615384615384 0.07692307692307693 0.08173076923076923
0 0.5829326923076923 0.7355769230769231 0.08653846153846154 0.09615384615384616