0 0.25600961538461536 0.28942588099182226 0.06971153846153846 0.05731686014162726
0 0.30649038461538464 0.4333897329317048 0.055288461538461536 0.047281806849725536
0 0.3798076923076923 0.8218814171594099 0.05048076923076923 0.04714191729088668
4 0.4026442307692308 0.2623227109856937 0.1875 0.10641723125626018
4 0.43028846153846156 0.42858565371467705 0.15384615384615385 0.08380338895977164
4 0.46033653846153844 0.5394901901257794 0.16826923076923078 0.09143459609782721
4 0.47836538461538464 0.7432925273570561 0.15144230769230768 0.06450267494958285
3 0.4699519230769231 0.25555656485425515 0.5048076923076923 0.1468999421396355
4 0.5 0.813576485880742 0.11298076923076923 0.06819125078656295
3 0.49399038461538464 0.41831865552159847 0.4423076923076923 0.1450813778747282
3 0.5252403846153846 0.7323132195429911 0.375 0.10706523174328944
3 0.5300480769230769 0.8187117915226134 0.37259615384615385 0.1166106715792545
3 0.5204326923076923 0.5233184937172146 0.4326923076923077 0.13999390644935789
3 0.5444711538461539 0.6091575074614811 0.3629807692307692 0.09710012323080755