0 0.29591396144802423 0.88021247660262 0.13556854687820527 0.14807773209884226
0 0.5765195298957806 0.7926670419439046 0.11158603548002141 0.1497821304584933
0 0.4613027649319985 0.8032359298175795 0.11108248421752155 0.12814751507387795
0 0.7258087621264431 0.7474301086148005 0.11583422638493619 0.12588355847887064
0 0.8806879836896374 0.6839894671833017 0.13584829757959418 0.16009696286807304
2 0.22547004646762872 0.5924025517187755 0.1800127305932694 0.1998175073591627
2 0.5414349354086543 0.5254775331430925 0.18018259089220123 0.3103244856566662
2 0.3899926277163466 0.5298840542465216 0.16637295563408144 0.23305168483649188
3 0.20296719896965854 0.5040547746515336 0.3704341971563042 0.9500458391696751
2 0.6781444305282588 0.4048341974752226 0.1731409127295944 0.42062162961591115
3 0.5283236719649577 0.4368519995129706 0.3066473439299153 0.8737039990259412
3 0.3687196783654384 0.44292332221827746 0.3257102627398512 0.8858466444365549
3 0.6732248379400111 0.41191711766884687 0.30798813741848363 0.8238342353376937
3 0.8353365384615384 0.38100961538461536 0.3245192307692308 0.7620192307692307
2 0.822484085222436 0.2562413442763266 0.2716446647751071 0.5124826885526532