0 0.21110322253098054 0.25270786563277053 0.12368703385888054 0.09874541047063691
4 0.34212766562209873 0.15342981608584305 0.2140279056700686 0.22256183948477914
0 0.37505089017287097 0.6309585421460127 0.04846852103020948 0.03561283065213498
0 0.4054206368432904 0.6045386766882126 0.033933558977622215 0.025409750687263803
0 0.41241008917643607 0.4172345751380414 0.04114509743916068 0.025703598362007085
4 0.4275858645277663 0.6631615020172075 0.10143705026195786 0.0449792520617914
4 0.4511653261029394 0.393561378121288 0.06786711795524443 0.050819501374527606
4 0.45092588607210166 0.620822788884664 0.08209439590167815 0.03458027364709109
3 0.48418813427266133 0.6558479241873124 0.2652622153944051 0.08288979935597386
3 0.4942947004602822 0.4073436949389789 0.20748599385496455 0.07332747949648873
3 0.4942650450472765 0.6165762595485086 0.20969404103216752 0.05659850564448021
3 0.5162246984404905 0.17615613489214058 0.7342656410664318 0.33025733360476156