0 0.4220587299495841 0.9079134034658825 0.09803332811447928 0.0899328314363247
0 0.4338942307692308 0.9831730769230769 0.11298076923076923 0.028846153846153848
0 0.42209961642672084 0.7260623329228626 0.06311967957402163 0.06295003987535626
0 0.4199835064176916 0.5715400292180904 0.0528743937653312 0.050089571956837414
0 0.40218962790861595 0.36898602443304773 0.062489778380715816 0.05093080910612521
0 0.4289792114590546 0.5148992679623924 0.052496453049347844 0.04287803349529895
0 0.4323739066896382 0.328555969042663 0.07944268169630006 0.05480682027122496
0 0.48697790853235656 0.8453976027699421 0.08285436975943537 0.0742478987893162
0 0.44613641756155686 0.4541868969046288 0.0599599519882085 0.04831665366495718
0 0.4454367550356529 0.18971859798489946 0.08045052360558923 0.07403758950199418
2 0.5540098763169071 0.38944704799586793 0.1731926816963002 0.06300888247678028
2 0.5821171415636458 0.5833320599584747 0.1920352885918016 0.1029425859495722
2 0.575172896008356 0.5193146729505688 0.1744524840829117 0.08704734401524182
2 0.6044139834030451 0.7348343002977911 0.20506236127032168 0.12322490161695097
2 0.589485325121698 0.44997853106702174 0.1795121368679262 0.09227565489757804
2 0.6083585968750521 0.3535239316325487 0.2422640973452485 0.10255138867564065
2 0.6706730769230769 0.9278846153846154 0.34134615384615385 0.13942307692307693
2 0.6666364688775123 0.8491515685498564 0.25137556100598846 0.09377724120954357
3 0.6471623003850795 0.5232201054163805 0.4955498051697228 0.1414607869213666
3 0.6341607817547698 0.38928087065961425 0.5311035765227705 0.13500004161581103
3 0.6661257767096 0.5882890388608962 0.5495682427022887 0.1677222066270646
3 0.6730769230769231 0.9615384615384616 0.6490384615384616 0.07211538461538461
3 0.6730769230769231 0.9110576923076923 0.6490384615384616 0.17307692307692307
3 0.6662824218061137 0.4543045821074774 0.5232519152486421 0.16781265062036937
3 0.6875 0.7331730769230769 0.6201923076923077 0.1971153846153846
2 0.6457169780464926 0.19886596193781927 0.267814321747644 0.13350063539501372
2 0.7463942307692307 0.9735576923076923 0.4639423076923077 0.04807692307692308
3 0.6821849363316465 0.34682236569337477 0.5750027084853071 0.1508048395568365
3 0.7175480769230769 0.8521634615384616 0.5600961538461539 0.18028846153846154
3 0.700879459346293 0.2012992293923776 0.5839779702881018 0.18508961357264844