3 0.17695745106345168 0.2576166936293579 0.15782972273476711 0.3969818912427463
4 0.8406326794573808 0.4015732691418454 0.12003207845506453 0.20784414814015134
3 0.6960241615181672 0.3831971471298683 0.16495731703887356 0.39495598580488367
3 0.921875 0.45072115384615385 0.15144230769230768 0.5264423076923077
4 0.5000267558222735 0.37052591152513786 0.1972680566738063 0.35825817068460136
3 0.8377976748493425 0.45781169327990767 0.2122558673648445 0.5126082454853998
3 0.5011638314864172 0.5061542488594539 0.3740843752446673 0.9553891938898842
0 0.5458295275709093 0.10178884162972911 0.09710776629728347 0.10106707546163125
0 0.9605387907268975 0.2278987701330946 0.06510226888039483 0.07779471697442088
0 0.1917658848231942 0.09762983335028542 0.04760379254401492 0.057682086073023504
0 0.8594246311563369 0.25259268691307235 0.06510226888039483 0.07779471697442081
0 0.7146062528235431 0.22820694951647985 0.05481533100555352 0.058060026789007
0 0.13213142384291685 0.10770148122991034 0.027701470053788996 0.037443474932965036
0 0.39321583121336295 0.16337465469762294 0.03988858913788394 0.042881068433963096
0 0.2820512990344153 0.14075264064228668 0.03499695267275955 0.04022526180279465
0 0.3414072226695225 0.1570603103356389 0.02985348373533889 0.030357916710087737
4 0.27577841351047194 0.20160978673004953 0.06105007398959117 0.09917737188171394
3 0.23972072120277962 0.1997200831501322 0.053617237467440744 0.16117345092706928
4 0.33894996676992856 0.22411604216600886 0.056242381681898865 0.09892541140439161
3 0.2779876664765801 0.23051893069553397 0.08671400893094659 0.21569580941427965
3 0.33481382772169305 0.2430948509194558 0.09168958955350306 0.2207554621992943
4 0.39159801688808993 0.2544688480664545 0.07690020158901344 0.14079863792906547
3 0.12210014797918226 0.19835474376342785 0.07304642942475849 0.23657454336692813
4 0.9411057692307693 0.3762019230769231 0.11298076923076923 0.22355769230769232
2 0.1801702043799343 0.2121955771836033 0.10966119642279107 0.1857056118008913
4 0.7042544675359224 0.3440376065460514 0.09249849671613958 0.17520836551487853
3 0.39028544478086086 0.28559286782779336 0.13540907552157863 0.30462789548730324