0 0.21131592360183418 0.718218634850295 0.06656898297739183 0.04578350399138715
0 0.1718892619476232 0.13526801116730977 0.04473846914294753 0.03933643855836067
0 0.22316578829918574 0.6835629495643001 0.04733821374662254 0.044326283435534464
0 0.21643382415803847 0.48876033481802084 0.04733821374662254 0.0443262834355346
0 0.2063450539918503 0.241164180971867 0.04733821374662254 0.04432628343553453
0 0.234040250890835 0.5657924194011315 0.04253052143893023 0.04396197829657143
0 0.2032678336939295 0.04729026044828846 0.04733821374662254 0.04432628343553455
4 0.23512388113448157 0.14856089051463497 0.11523360140380155 0.06384963230409557
4 0.28764113337124336 0.49059837247985283 0.08320000760448593 0.04225087967006594
0 0.28877163960120167 0.4591662199103712 0.07986155367051044 0.07794426683879507
3 0.3099225905219837 0.7119523025784733 0.24543309061115165 0.08330125567148518
4 0.30565770909476303 0.6664613782248779 0.11533155062871604 0.06625347845794166
4 0.2667738583210237 0.03765552504933441 0.10561821678841693 0.06312102202616929
3 0.27819721345388343 0.14047445195627428 0.251122325943074 0.10530017619506381
4 0.29317736320505516 0.24181822693206872 0.12072693828589506 0.08104086051998174
3 0.27869513986534 0.04069077832527286 0.19794386288371527 0.08138155665054572
3 0.3089982616548841 0.2454419275381308 0.26363130283687697 0.11823016981170244
3 0.3427214260295495 0.6588303210902213 0.2890941182800401 0.09619538653753833
4 0.3363506362666682 0.5616567044289337 0.14236155367051032 0.08268023364531601
0 0.3657456826540325 0.7800603306652634 0.11150335057016815 0.08992763485744003
3 0.34937589166299315 0.5558471729890927 0.30439873822734714 0.11892291733904309
4 0.4411709973081463 0.44158991636367584 0.19749900122815808 0.14197605171237215
3 0.5081848419410953 0.4292781059566533 0.5327110580868324 0.19373756656261884
4 0.5466442817764883 0.8109611180850399 0.3052272164956778 0.1980676878464847
3 0.6282771017823431 0.8023640845688201 0.6970990240416162 0.28767255794865376