0 0.3198866152744806 0.7959594289638423 0.08030591796013936 0.08782932620691278
0 0.25659280198797496 0.4541424120391716 0.06579892718992958 0.0799460221413202
0 0.2339537466337078 0.2317603095385739 0.07066256206237712 0.08497763631703055
0 0.3057029783822414 0.5695796939634439 0.06585486975468481 0.0847537144490125
0 0.326470484013151 0.6430912763265936 0.06574298462517447 0.07513832983362789
4 0.45316358866231027 0.38852721130205253 0.24703841232922977 0.1700738614227653
4 0.4901706204402131 0.5117358363579083 0.22297197950839062 0.16655040592882905
4 0.515242335296018 0.6282927276222707 0.24438282463398517 0.148327285104141
4 0.45323520099888237 0.17589878762067696 0.2566258256622368 0.1681178590049552
4 0.564100770148886 0.7653646249311584 0.3147377025902086 0.20686261372886386
3 0.557018470719303 0.34164558344735735 0.6739736882436346 0.3148909467423604
3 0.5855700840351779 0.4688518410030139 0.6761257928560824 0.29336829229175404
3 0.5352736543358053 0.14985671709024592 0.6835051590118865 0.29971343418049184
3 0.6308926778632208 0.6000820643282997 0.6638268492630754 0.2687700260832474
3 0.6375019916883266 0.7547382779823452 0.7054754297850331 0.33798105426909275