0 0.3842098277099899 0.6991090746778431 0.15284307107735054 0.1660630144844941
0 0.7351144110922014 0.6388755001298049 0.08922406827179494 0.11689514984955725
3 0.11011139627505383 0.4946738998508247 0.2182085875001076 0.9096906618368121
2 0.09557641907142136 0.49011796328728935 0.17929140840395338 0.4764948426561905
3 0.5860719297975432 0.4409561819445301 0.3115669365181632 0.8819123638890602
2 0.5822143849355238 0.42390791958433705 0.24721455225470118 0.5041120104878973
2 0.8858173076923077 0.3713942307692308 0.22355769230769232 0.41586538461538464
2 0.7220001328313572 0.3853956087711141 0.16285211655277804 0.2863812000488802
3 0.8713942307692307 0.39783653846153844 0.25240384615384615 0.7956730769230769
2 0.34255611643547046 0.40765017670058146 0.16028041997809844 0.27912770229664885
2 0.22977117269567343 0.41803572490160595 0.1635235182361114 0.3152273538950339
3 0.22384548252147474 0.42174639235910727 0.28540236964914595 0.8027344043438274
3 0.3409905174467418 0.3920461563459278 0.2920544067079066 0.7788218206774442
3 0.7089178493968487 0.34696050949255053 0.22552800648600496 0.6939210189851011
0 0.1065686117579067 0.8590663886119813 0.12170497135790609 0.17032523601317953
0 0.5843175398911865 0.7725705101187614 0.1611736123444446 0.21426581543349543
0 0.9147055057552891 0.709087820310843 0.1403762391858976 0.14662244880026057
0 0.287078863979381 0.7621274825193259 0.1178464215568377 0.10778327672248676