0 0.8014173506134598 0.8593329557831725 0.06054619372151011 0.06138300707254274
0 0.6446867993918075 0.84371097060032 0.02824464728490028 0.04863642447970088
3 0.8069769261227192 0.7989850263057685 0.10901213398119634 0.2040491822536328
4 0.5147897531363945 0.7768808643630872 0.06264928659472921 0.08542146861100428
4 0.6643392772428048 0.7517213901409717 0.07166316464886026 0.13361029196848298
3 0.9807692307692307 0.7067307692307693 0.03365384615384615 0.22115384615384615
0 0.4180954231138874 0.7454090736800745 0.10654944522592576 0.093640109597543
3 0.502786323063104 0.7085111243291663 0.11805543333603935 0.30741456686901714
3 0.6525461564568362 0.6857554962608969 0.13899809816609612 0.38226949847991476
0 0.7258035315021355 0.6695979649892089 0.05543774813319074 0.085253618190171
4 0.29315644580648015 0.6664198613229164 0.17496752657165204 0.2175790668103634
4 0.8316484956143149 0.6129377200748926 0.17277398970512792 0.21992696282393162
3 0.7850606282901699 0.465884483577243 0.2971997243534179 0.5178939954983977
3 0.3029843198003552 0.4759005636260148 0.36071966939814687 0.6681074099826925