0 0.12963885085285992 0.6730340257688044 0.10173046140814677 0.14302700374819002
1 0.6401535553897484 0.727731658999913 0.08378347357218548 0.12271791629042803
0 0.37372294805657447 0.6969078275548731 0.06259259101309968 0.08783170644859038
0 0.43933868895526457 0.7010850389158634 0.0799795464695417 0.09852540929096748
0 0.21462536907719892 0.6735750272879569 0.09594271243629612 0.1258919897492692
3 0.512154114045048 0.6844444443166638 0.10705076901357803 0.23437315759434385
0 0.555283336719399 0.6840754721725287 0.0729080161028831 0.1004671190618169
3 0.315679498551837 0.5832785934633832 0.20621366763210874 0.4155536088820745
3 0.47603715038513045 0.5849767783456841 0.16807956244210998 0.33647389550501217
3 0.39591647424547854 0.5625700932504177 0.17498737617299873 0.37283967873470236
3 0.5815145106941566 0.5626508007922294 0.16170807254985006 0.35043483604509207
4 0.3234973648994443 0.531287810233693 0.11965374070321785 0.20404743036033762
4 0.4847769236199013 0.5377166646931866 0.1337730928956452 0.2408753499730248
3 0.25058822722133084 0.5084189887554299 0.18483535989636274 0.4596862311951619
4 0.25029635676112627 0.4928710114859294 0.11426230747511636 0.23483529397734074
4 0.4115759154815833 0.49929986594542297 0.13206928721619787 0.25274053528125656
4 0.5961238912186632 0.5174094196410809 0.15158007263672657 0.2587805912769405
4 0.17558970081523556 0.4186275886219718 0.18560652599343186 0.3495714445012357
4 0.08412388268940076 0.39446367982792374 0.1682477653788015 0.3985726403441525
0 0.4756623000318105 0.4269391140358337 0.09057498774908473 0.11596851421188657
0 0.5677203486228083 0.42942182532583545 0.07573188654136846 0.10783270298435436
0 0.3647116481767979 0.39932348147201535 0.08576729544139242 0.11566042328988857
3 0.8043710409522197 0.4370078631484773 0.3042542583411406 0.8241751720191959
3 0.7144949721023034 0.417621206051053 0.2658164284204921 0.7809991054888269
3 0.11658653846153846 0.3737980769230769 0.23317307692307693 0.7475961538461539
0 0.3015460489385038 0.35307896241871745 0.09141503631836329 0.1303915911349635
3 0.19690873719875623 0.3722271817020188 0.30810560252556446 0.7444543634040376
0 0.7196052675654149 0.3298808214356683 0.10114672048773753 0.17412295828719102
3 0.4022964536824922 0.22915451703722592 0.19699459876047326 0.45830903407445184
3 0.5161991298004249 0.24443383595280632 0.2200055865529963 0.48886767190561264
3 0.6331475427696079 0.24562145992702317 0.2290609387888617 0.49124291985404633
3 0.3094446520287656 0.2106930539086234 0.2416876190193919 0.4213861078172468
0 0.5436152477625981 0.8021720246329883 0.07078418613879642 0.10512076590851048
0 0.4262349562383308 0.7821530441832057 0.06555646954646477 0.09760113652497401
0 0.5892064663677901 0.7800914143737383 0.06499643716694582 0.08798575190958939
0 0.7173222072664801 0.7802634437487558 0.11332966789273814 0.1365856925916463
0 0.49649467280894327 0.7477146716216586 0.06782030760543119 0.09535133583212659
0 0.29581981446933925 0.7186642053837626 0.09269881771317134 0.11131486736519328
0 0.03071591931183187 0.6748037061646363 0.06143183862366374 0.1696233569014967