0 0.6345886288156284 0.2596132025884727 0.11177700374819001 0.10238386667064549
0 0.6229046849106944 0.8567235923330572 0.1543368884345631 0.13216198648570254
0 0.6177081941391924 0.6738596380200698 0.09525817159326494 0.10581798928073519
0 0.5976587730783416 0.5719415559677932 0.12620008067126692 0.10356121212573353
0 0.5953854612545075 0.15492340351915554 0.10339398282079702 0.12082973893135601
0 0.5937107875031936 0.4073026720511666 0.12139238836357463 0.10316876364070418
0 0.538506718317856 0.7785498338215529 0.11510512266802991 0.11700316783623722
3 0.403303750063888 0.6636072188978027 0.5410157452650713 0.2330731795070733
3 0.398571238081039 0.5677722867295637 0.502400161342534 0.2275297454729926
3 0.3938834658119648 0.3958237522301413 0.5227092488002959 0.24592646249003308
3 0.3754768756282458 0.7773239282210435 0.4689935248885485 0.19132498416645577
2 0.35540394343640797 0.2609877641164899 0.36772389550501217 0.17827587367314734
4 0.35034026954311703 0.5662516480331165 0.3388777416588583 0.17592118276297136
4 0.3425143916432388 0.6695189205272437 0.32639637450663067 0.16772852308885952
4 0.33649924904165507 0.386306678102097 0.3522833815770797 0.19853691936016
3 0.35336538461538464 0.8641826923076923 0.7067307692307693 0.2668269230769231
3 0.3445990924411504 0.271339088824346 0.6891981848823008 0.22056279303330734
2 0.31003711502967285 0.1582112505947322 0.3619919304313261 0.16346034826504108
3 0.3291424370048555 0.16640391026884402 0.658284874009711 0.2462693589992265
4 0.2814976498424035 0.8675175126000272 0.4407635528863905 0.19858567787166428