0 0.8359671267627434 0.2253794376443327 0.07833925054089427 0.09591828816200479
0 0.8230214685002678 0.30738998599277995 0.06323052904341608 0.07867169640856467
0 0.6979378883318252 0.8728626391181091 0.07824130131597985 0.0935144420081587
3 0.8025643424407711 0.6621321556336365 0.3235682624153328 0.2807274367091516
3 0.8919412328756062 0.20694378464076085 0.20073132565033475 0.21232635158433
3 0.7682146799083428 0.8864242681252334 0.2619579857264469 0.18289491584923703
3 0.8866744169647335 0.306738372415086 0.20225362877995104 0.19076168097913404
2 0.8352876709579301 0.6839894671833017 0.24277210096469304 0.24236156668061534
2 0.9308700752272094 0.22381854193418516 0.12032696109935269 0.18357586617117846
2 0.8014767291625311 0.895060425828745 0.18905900731174688 0.16156580323588252
0 0.7044474216451939 0.6541825838975286 0.10085540894973978 0.11818240656139577