4 0.5383024059261139 0.5209870655633602 0.2237329663514793 0.49262231797482403
4 0.3055771662833276 0.5729371691842678 0.17916680586080752 0.621814642070209
4 0.7633253725189524 0.5892292696347603 0.2517766098759138 0.5554020307986001
4 0.1278463762884398 0.6052788912623086 0.2556927525768796 0.5319229949076907
0 0.15415608717380785 0.08883042256279726 0.2926493641139227 0.17766084512559452
0 0.3339824123292725 0.09219590969741473 0.13485890950393326 0.1553006605297894
0 0.7518360888349374 0.11255530553790684 0.1998236368799165 0.19448945233314568
0 0.5593439104551775 0.136413637871542 0.14595386750717027 0.14101744001860053
3 0.15144230769230768 0.4506512256402098 0.30288461538461536 0.9013024512804196
3 0.7592699236022363 0.44635426553399093 0.32770716318823534 0.8781607549086696
3 0.3264235704489297 0.45379294251580643 0.206497418491072 0.8983688348920271
3 0.5438176019110077 0.4536653876144791 0.26594879228781754 0.7765558769524462