0 0.704439027140612 0.9049870603996819 0.039832827610340724 0.036343338920904245
0 0.7105527805197294 0.466764147225247 0.05773719216132278 0.06396229969879987
0 0.7115384615384616 0.9831730769230769 0.04326923076923077 0.028846153846153848
0 0.7181438454505991 0.6530622241483239 0.05253770295397249 0.05401072848753303
0 0.7280408073104007 0.8371245482154959 0.037526930681409 0.03857909177680915
4 0.7917060262051929 0.6641986851201438 0.12411027668888562 0.10455851105090265
4 0.8046700365587343 0.8352919952880735 0.1155274490785449 0.07040038500323302
4 0.8095022697270795 0.483271357056218 0.15545822591380004 0.10914757007798356
4 0.8052884615384616 0.9795673076923077 0.14903846153846154 0.036057692307692304
3 0.811579547058645 0.9460370116629377 0.1776356521788872 0.0651554261343179
3 0.8123182563889456 0.9053397203454943 0.26024796443388654 0.0925052136489317
3 0.8153445105571124 0.7737165084267498 0.21899078291884394 0.08003224296854775
3 0.8193379865440972 0.8423101704603357 0.21938257981850193 0.08964762758393235
3 0.8221153846153846 0.9747596153846154 0.2692307692307692 0.04567307692307692
3 0.8377403846153846 0.6526442307692307 0.31971153846153844 0.14182692307692307
3 0.8305288461538461 0.4831730769230769 0.33413461538461536 0.15384615384615385