0 0.3173756145323139 0.3509856885199938 0.0248078541120762 0.0281232406717191
0 0.24769904846048516 0.3449090598027779 0.024877798891495627 0.030527086825565118
0 0.47678960452364766 0.41873832409743417 0.020000161804383892 0.027787054075836738
0 0.20298308788636305 0.3502127953293286 0.027491479383600338 0.03790671858504469
2 0.3061864723799903 0.4043998537897678 0.0480511994233402 0.0849245418916508
2 0.3788742770575224 0.4311613147615876 0.052858891731032503 0.08526072848753302
2 0.23664979586700063 0.39351553276485957 0.05045504557718635 0.08509263518959177
3 0.30580177609318304 0.41762100763592164 0.07467761780032364 0.17554778256336961
2 0.4693461211609324 0.4675969370064275 0.052858891731032503 0.08526072848753302
3 0.37368188846302286 0.44404628201185925 0.08457278153338631 0.18583554037051897
3 0.46309169904834874 0.4755901653000362 0.08153943236476462 0.16403283168796234
2 0.19306581359038205 0.4013071610942269 0.05052499035660592 0.08749648134343793
3 0.2336164466983789 0.41498205485153383 0.07736124307184784 0.1853312604766955
3 0.1913742770575224 0.4180500375221794 0.07941536532859644 0.17348012300540583