0 0.21045932984839671 0.883344403511019 0.09883945288717956 0.11986305274497565
0 0.3509265288180552 0.37971892886511643 0.10291979337126077 0.08883697461299397
0 0.33770035027665546 0.637796507601551 0.11292682896858991 0.10611174142595285
0 0.4888449815879273 0.14068447254330435 0.10342334463376077 0.11047158999760921
3 0.4519230769230769 0.8485576923076923 0.6730769230769231 0.2980769230769231
3 0.5366091541980766 0.4148382089431225 0.5165511921317308 0.2185592174054579
2 0.4963942307692308 0.8689903846153846 0.38221153846153844 0.25721153846153844
3 0.5314617412925209 0.6359920550969687 0.5415408060549147 0.2605442113609327
2 0.564085534546474 0.42333729814576454 0.31854060527190187 0.17091688235518057
2 0.5626278160821042 0.641053316469855 0.3505739072357908 0.20602622065114373
3 0.686406962386485 0.18237317267597086 0.4758536579371798 0.22386741998884313
2 0.7415275735041131 0.1921598126197166 0.2846629585569445 0.15973404466366975