0 0.7080396136979872 0.6505606575592289 0.07712149964962532 0.07755565674157858
0 0.6954518705713844 0.7712692437540585 0.04478022560300833 0.045032316817690744
0 0.6303648179474322 0.3509430792616243 0.05970696747067778 0.060043089090254506
0 0.6489736650750817 0.5401347484631197 0.0718101423973405 0.0629366813686728
2 0.5769651509005923 0.7808438340438701 0.1742826756926565 0.11031977958431036
2 0.5401023300196742 0.5501011356525891 0.13126527739572216 0.11576823199738885
2 0.49716121680255093 0.3515165126634878 0.1698107600146927 0.11973926574986613
2 0.5166553071220478 0.6691670272583807 0.25470087281619685 0.1448021040064873
3 0.49046866144084683 0.7785195850238732 0.44983213206489575 0.16475522199378836
3 0.4536897847173609 0.5501807327864383 0.5300824408735718 0.19442985410827285
3 0.39185367889919664 0.36042790061340596 0.5860424556714899 0.21591345551207433
3 0.4195093982848588 0.6712096990339609 0.660897463070449 0.22856526609980676