0 0.8378770279845731 0.3452990354748838 0.09314255053870085 0.07522131844037183
0 0.22853646922067783 0.42920479562006564 0.04140170845401359 0.05182387574968262
0 0.47399693883230004 0.4459248482560936 0.046069392666826164 0.04958791791070064
0 0.6009689064310618 0.4547389338370629 0.05171713354379703 0.06417888314864174
4 0.8346201574157728 0.47548447649102044 0.10357427518247365 0.13076161245112963
4 0.6461982505286094 0.48688178515713154 0.06273259910797926 0.08855312131683163
0 0.39755203597085725 0.4774991872187902 0.03659401614632129 0.051655987434818446
4 0.500123667523513 0.5016177633758734 0.04196174083353267 0.061439260365067236
4 0.2717001331311336 0.4879158708685901 0.0807032954848306 0.06759005919167294
4 0.35984868776071244 0.5125381119702658 0.05510103636180146 0.0810897503829969
3 0.6376792221313727 0.5473976597904457 0.1715108823418946 0.26747560100231643
3 0.823113541944281 0.5674182394391989 0.29125721405821225 0.552335199771896
3 0.4991780520954594 0.5474167565350985 0.1423847123059813 0.2616605788054391
3 0.2554095338928395 0.5390681933588161 0.15438023453432195 0.3028617400505519
3 0.36547272009679327 0.5677426293512953 0.17050711713684621 0.29143011838334587