0 0.23557692307692307 0.8342894792251909 0.12259615384615384 0.118690776865229
0 0.24879807692307693 0.5512514182083942 0.0985576923076923 0.10074424444821571
0 0.27283653846153844 0.6761691044715613 0.09134615384615384 0.09560066933849608
0 0.2403846153846154 0.44148455493936267 0.10096153846153846 0.09124082076683998
0 0.23677884615384615 0.30549930584604146 0.0985576923076923 0.10795578290975404
4 0.5108173076923077 0.8026378523230687 0.3942307692307692 0.237111593177478
4 0.43990384615384615 0.26808500476980296 0.3004807692307692 0.19187973213574183
4 0.4795673076923077 0.5355573601809517 0.3173076923076923 0.17343268944303575
4 0.4639423076923077 0.41223346026373914 0.2932692307692308 0.17712077241063787
4 0.5108173076923077 0.6523974677076841 0.3293269230769231 0.1884155710361575
3 0.578125 0.8009650661676289 0.8389423076923077 0.3419589813537605
3 0.5709134615384616 0.3883695679809864 0.7668269230769231 0.30254246102579774
3 0.5901442307692307 0.5262844862222893 0.8149038461538461 0.2951662950905934
3 0.5612980769230769 0.2509024934757195 0.7572115384615384 0.30449846344360776
3 0.6141826923076923 0.6403848647931485 0.7668269230769231 0.25927323025656707