0 0.0911067138153161 0.2211556885595023 0.03653320410811164 0.04317606653036899
0 0.5800245210057352 0.10935561382286813 0.04139683898055912 0.04829184976005917
0 0.8063496861381825 0.06362534048896631 0.04626047385300653 0.05340763298974938
4 0.7447579107501408 0.0927938843598243 0.05400346667971963 0.09954284629582319
3 0.10358662867846334 0.28401036160093107 0.09336008617734158 0.1789306505948834
3 0.7444921835675534 0.11648552353976682 0.10121496413356496 0.23297104707953364
4 0.11191617636979208 0.29068274094897323 0.07091430360377557 0.10783270298435436
3 0.591330484074337 0.16988346344095026 0.11273071181999884 0.19218224505210585
4 0.600778040995456 0.18369035852003138 0.08066954463104828 0.12046811559758087
4 0.8113663209983929 0.1485767652980074 0.0713059015570621 0.14148654913820052
3 0.8313654584292323 0.18452699426413163 0.13106808414531285 0.32306825558679075
0 0.1370718050727298 0.39956516395490776 0.08514158155020925 0.09193005267342504
4 0.1590264060740596 0.5771112478064567 0.16161880208587254 0.26497469273362345
3 0.1773341229863678 0.6552058071953881 0.2958739282916044 0.6555046860891055
0 0.3497587733193014 0.0808747473095371 0.031725511800419395 0.04286797560837105