2 0.46963153592407286 0.2536142856804288 0.24402174391442985 0.14321525694815757
2 0.44753664382776825 0.47478606320956784 0.2756214678115274 0.15760247112064882
2 0.5078796269566883 0.1396689594763732 0.32425794912380657 0.1804762917410495
2 0.4393973257615223 0.6717192952554709 0.3359274559959398 0.16936782381922663
2 0.453125 0.9411057692307693 0.3004807692307692 0.11298076923076923
3 0.5949205637778778 0.17035598980091227 0.805351180136552 0.31047465306788297
3 0.5366132054334526 0.683904166627167 0.8628336534906011 0.30763477627390234
3 0.6051340921089927 0.27472321354844553 0.7789088724442443 0.3084709748035857
3 0.5823618627814113 0.4777750686389976 0.8139616141864807 0.3590980338532509
3 0.5360576923076923 0.9146634615384616 0.7740384615384616 0.1658653846153846
0 0.17870704580126223 0.6061915882589022 0.11598839474580817 0.11192655538101857
0 0.27431260501067717 0.21833615895998815 0.1034096057412213 0.09178502330284156
0 0.2404083164834003 0.43138563518018075 0.11584850518696911 0.10711886307332627
0 0.23903875763925744 0.6854467858346539 0.10354949530006029 0.09659271561053373
0 0.2228135913687292 0.9118816370951891 0.12333982276618563 0.11728070539715564