0 0.1776522574053724 0.45102715382167946 0.10395276166360604 0.1021643036037757
0 0.1590088652228246 0.35028938561916184 0.12813107488021558 0.12648247796601317
0 0.2626873134037433 0.7084336491945471 0.13285485618101917 0.11211534360769147
0 0.2871593151444636 0.6336347056015403 0.09660137152391958 0.07804192821818116
0 0.3750597278345689 0.8116863066151072 0.16421673752353746 0.13170973950936962
0 0.32022658560523765 0.5274878625202117 0.10637059298526698 0.10459612103999934
4 0.49843905107835135 0.6756443865984647 0.3666153101523174 0.21579009645985783
4 0.4421390689387653 0.23041622147825452 0.3811502684179127 0.2351886933848927
4 0.6337738704810486 0.7569967014518222 0.407760398123998 0.2643425313372003
3 0.5082937862568863 0.22123354967440875 0.8531432246406467 0.384901833961673
3 0.5948516228367713 0.6300543814572066 0.8000348465709946 0.3458249272878272
3 0.5424363119291009 0.34342411992608735 0.8311170245572169 0.31734240011258225
3 0.5941671509689956 0.5411260594060876 0.8021869597041744 0.3025836678009739
3 0.6373936248796326 0.7545508983744096 0.7136642070463106 0.37366411496838725
3 0.6164940321604434 0.4218839332493046 0.7471362460185644 0.34280571292167367