1 0.6831284512862806 0.11019806947977101 0.18215124692920553 0.15699521440571823
0 0.10650162839833768 0.2985680729842327 0.1832703633999176 0.19545675286725667
1 0.5067990959663504 0.23205749846496046 0.17528943236476463 0.16859442089030965
0 0.35026006811254545 0.33356609346034255 0.16814783868264557 0.17057824275951652
3 0.2389985816230166 0.573669571079968 0.4779971632460332 0.8478531655323718
3 0.742593079562861 0.4621125913388865 0.5070684678309662 0.924225182677773
3 0.572085615852206 0.54502493983138 0.45689320137145784 0.8569322263091276
3 0.41220773605851835 0.5963327817857523 0.406508100573691 0.7748051413346091
2 0.7839038565083455 0.5230888428665759 0.41269619099751975 0.6575767121756665
2 0.2308608540926373 0.7256837654222397 0.43804510587269807 0.5390645016219161
2 0.5752053847177031 0.6852299155467407 0.34548416712282976 0.5744695705369895
2 0.44685728404169356 0.7251022676522914 0.3219610426938876 0.5083056515292257
0 0.6344971736005326 0.7093739439439772 0.27076232819666946 0.3157416515726638