0 0.5572734804991875 0.16910331684867475 0.04730059840638772 0.07742656000587388
0 0.6743588291057285 0.2002126183714727 0.07981040079299936 0.10182864821524426
4 0.4217660125938906 0.19954383379035223 0.0655133041085836 0.10406466667482477
0 0.4786343379252588 0.2060980471160169 0.07627273249120273 0.08016606154825126
0 0.302775627978506 0.20092841226804378 0.08031432174764394 0.11144403283062888
4 0.3755209137871964 0.21210850456594635 0.05577193925453782 0.1015489353914682
0 0.7548144635209599 0.2437747055403543 0.08651801829989317 0.0922971774469925
2 0.6719140964747456 0.3830447824756684 0.12785665901207002 0.23932339078489442
2 0.46327829123513276 0.4179441927606321 0.12203090317580408 0.26568178463006925
2 0.2941850781049624 0.4271277066297919 0.15871849667680227 0.27812058463496403
2 0.765066520542918 0.5082397393869976 0.14479934070836992 0.28756814155608307
3 0.5687751182884729 0.5033078604392341 0.19821164109344927 0.7566537969446144
3 0.6549884076109974 0.5419923270944794 0.24664606164778746 0.8557149723351036
3 0.4604658395074507 0.5478637701978348 0.24438863897117086 0.7668006359251736
3 0.29327255157648185 0.5474039281692324 0.2837218174840533 0.8297202051608376
3 0.7717536948112435 0.5899425373353891 0.22932543923550405 0.8002586831023765