0 0.7371584559903135 0.42427884615384615 0.11025720983097095 0.0985576923076923
0 0.7411838984994957 0.24639423076923078 0.1694623572047488 0.1201923076923077
0 0.5563415644995733 0.7584134615384616 0.14184339642685317 0.10336538461538461
3 0.4951923076923077 0.11658653846153846 0.9903846153846154 0.23317307692307693
4 0.45619354263708556 0.21394230769230768 0.4237152296359473 0.1466346153846154
4 0.43223145103906935 0.4362980769230769 0.3768819729772127 0.23317307692307693
4 0.44279549885158553 0.09615384615384616 0.5828228157009467 0.1875
3 0.4117850038028296 0.24639423076923078 0.8235700076056592 0.15625
3 0.39837076665061943 0.44711538461538464 0.7967415333012389 0.27163461538461536
3 0.32010762164793594 0.7524038461538461 0.6402152432958719 0.22115384615384615
4 0.2285527510954555 0.7536057692307693 0.42964903504655727 0.1971153846153846
0 0.8747819266858284 0.140625 0.20765472240300545 0.18509615384615385