0 0.3894740322324022 0.210242007234473 0.07386518480902911 0.08732165744503455
0 0.5406072483199019 0.18433199597265387 0.07681548867131988 0.09456116718895057
0 0.5909969412659304 0.1861213159795067 0.0766333361018383 0.09215732103510448
3 0.4333076520853706 0.21917293749692027 0.09244190807959654 0.17399997539538412
3 0.1863296814488328 0.27163629951524343 0.1301031107620373 0.22727618873328603
4 0.5108833555603727 0.38608724520146515 0.1586953865375382 0.2876520554032159
4 0.28082338428549874 0.4375444831195085 0.18470166358971143 0.3455961046369221
4 0.16853394317379353 0.4747333282328658 0.19413489563561453 0.34330414361258643
4 0.09279086019366853 0.5145497897590902 0.18558172038733706 0.3436118277187401
4 0.6338796772960753 0.4139840595774084 0.16663553527700314 0.2973513538657334
4 0.4284957015528485 0.45730754878076635 0.19653874178946068 0.3433321148949639
3 0.5854190982966196 0.48199019187922687 0.27263129781596057 0.7453058769524462
3 0.36275281805276577 0.531127497490557 0.31400727738920425 0.7842149559320265
3 0.5242479604088692 0.5113529723840524 0.33819202874656173 0.8181205436272709
3 0.6480281059566533 0.4971545077853104 0.3103642259995728 0.7361380328551033
3 0.1814903846153846 0.5865384615384616 0.3485576923076923 0.8221153846153846
3 0.45005575261973924 0.5537970503231437 0.3313447954239864 0.8228443220878305
3 0.2920673076923077 0.5829326923076923 0.34375 0.8293269230769231
3 0.13942307692307693 0.5961538461538461 0.27884615384615385 0.8028846153846154
0 0.333840616338547 0.15064849440580202 0.06647149377800893 0.0848338974440556
0 0.11860388987629883 0.22874383899279638 0.08289824896538321 0.11144403283062888
0 0.17452988540794584 0.22097371694901977 0.06093519119239041 0.07516257026391575
0 0.43223408745205055 0.1698381487783189 0.06701795148645368 0.09204543590559407
0 0.3002405643105793 0.19717385337608195 0.07109703351621964 0.08248599385496462
0 0.245243263001633 0.20856373029181657 0.07590472582391203 0.08254193641971987
3 0.3456404123794339 0.20131107697202572 0.1183018953128738 0.19831814975762171
0 0.47384601372065427 0.1763372616045424 0.07495810022591848 0.10174473436811148
0 0.04334921225391024 0.2699720082137758 0.08669842450782048 0.09948074462615335