0 0.8786279664596095 0.6492224506855767 0.07059434918677163 0.0731130049053896
0 0.18818480118797234 0.5900489153884222 0.07240952261307375 0.0660274466825123
0 0.27943284291286885 0.5840597432423752 0.0739793165531911 0.08525821591328153
0 0.7949105755479415 0.5848071930574489 0.057986445689996696 0.06527156525054559
0 0.4535154648242003 0.572522329785595 0.059997843358813495 0.06058985318151418
0 0.6051539967590227 0.5669894209037885 0.05837889417502618 0.07007925755823777
0 0.36410717414744104 0.556687916189035 0.06681693333532274 0.05616010158980549
0 0.6989039967590227 0.5620761915960032 0.05278630489727531 0.06021191246553082
0 0.5205779760117908 0.5364169797874985 0.05219763216973114 0.053000374003992365
4 0.889740205613938 0.47482273510271145 0.135203263878597 0.2488355129941971
4 0.17251124104255092 0.44240134728487546 0.14624137343525445 0.23744618341827214
4 0.27450305596033286 0.4201572739455226 0.1336334699384796 0.22960474376342788
4 0.7970696373138515 0.4338109270100973 0.13338809045229502 0.2559210712170744
4 0.3550564797360141 0.40145086890796633 0.12558787926321238 0.24833159203955246
4 0.44529882262650217 0.397928533035096 0.13956935245758992 0.27299995477131983
4 0.7041782671494153 0.40488133980604457 0.12681437996197076 0.2340344953551367
4 0.6067735410410589 0.3798094823100833 0.1387353002438612 0.2921047437634279
4 0.5172425606212072 0.3772592126790077 0.11459892495022518 0.23100074800798473
3 0.8918269230769231 0.38100961538461536 0.21153846153846154 0.65625
3 0.177589088824346 0.34194884058762365 0.20334381820352074 0.585111792436052
3 0.44409709791566204 0.3388453319078736 0.1939738130743209 0.5582915440277609
3 0.7901036767045807 0.34847438854855894 0.20903471796861203 0.5375387903137737
3 0.2732523743719054 0.330900015656562 0.19235486389053344 0.5677809484044845
3 0.5295317484984577 0.33557495651232555 0.15742575852642476 0.49174995477131983
3 0.6169777967500705 0.3273709085704241 0.20918178696745654 0.5686628100751124
3 0.7028048958178955 0.32890822548256843 0.16615793568441062 0.540078838325565
3 0.35880971469779366 0.31434549629552966 0.18440758370260646 0.5290674494656238