0 0.44722646460275356 0.1535285457916862 0.021858378069652098 0.04010091158687263
3 0.443194147753633 0.22711908233821626 0.07073245571201853 0.18076319374573493
0 0.29873961583782704 0.2765097749686492 0.026568174202640904 0.023638293648912685
0 0.661398726208856 0.30429319851539294 0.031459777517221926 0.03842567571095278
0 0.5159940042367933 0.3105057366613359 0.017008730258515434 0.0325250679863711
2 0.28648263721574474 0.31828592243144177 0.017064670929774647 0.04214045260175571
0 0.5856146391075355 0.3208483121463702 0.021816422566207742 0.03288937312533413
3 0.29235939350611956 0.34066707946927627 0.06585483756525229 0.168379657837541
0 0.549466043209047 0.33920560068859384 0.01932866540547287 0.018284143632775758
3 0.5096557374085301 0.3674515027004244 0.03211708040451729 0.151406444941722
3 0.6609861637583195 0.3752066600538544 0.05148770131343438 0.17690212703603608
3 0.572064833817734 0.3783405358939035 0.044094355670303835 0.14510566932759147
3 0.5407379153947526 0.3939296731433179 0.05144574580999016 0.16969058857449765
0 0.9169809926199707 0.5648509505039413 0.03397550501358637 0.0578385975112036
3 0.9144233096201617 0.5914754107657305 0.04387059298526698 0.10664413086605287