0 0.39820690251393676 0.33653846153846156 0.04324552222834067 0.040865384615384616
3 0.6972638822550182 0.35336538461538464 0.15743670408078658 0.3918269230769231
0 0.1511126312703071 0.3245192307692308 0.0488932631053116 0.055288461538461536
0 0.2096449875318934 0.3389423076923077 0.034050161897595396 0.04807692307692308
0 0.4859354328588763 0.35697115384615385 0.04140170845401359 0.05048076923076923
4 0.1545891251014112 0.4254807692307692 0.0611450929825217 0.14182692307692307
2 0.4061992181925286 0.453125 0.07344433994151209 0.1466346153846154
2 0.21608535989636274 0.4495192307692308 0.08093589459281002 0.15144230769230768
2 0.49986735987464365 0.4723557692307692 0.07769199986968517 0.13701923076923078
3 0.14692199954389829 0.4795673076923077 0.10879974862434463 0.38221153846153844
3 0.21571163111827324 0.484375 0.11293110899852817 0.3293269230769231
3 0.407657448918321 0.4987980769230769 0.13157813730888834 0.3605769230769231
3 0.49955178087354896 0.5288461538461539 0.11841513323972919 0.38221153846153844