0 0.2998523792460297 0.5866236281203119 0.054346915083415256 0.05881842079522533
0 0.32183965457645747 0.47744199140958826 0.05949079398698979 0.06396229969879987
0 0.5037755424280301 0.47548420845837 0.05658266793932029 0.05658266793932016
0 0.24769011706940924 0.4431575154052429 0.054346915083415256 0.05881842079522533
0 0.40586495332076716 0.4560177726306192 0.05915460739110756 0.05915460739110756
0 0.6021651414377813 0.4709962293966298 0.0596588872849309 0.06636614585264602
0 0.18292909422216905 0.4285493118678548 0.046799190025994496 0.05350644859370955
0 0.8362292248332343 0.4761577015830143 0.06290319992848262 0.0785534699198179
0 0.7093378952481765 0.4264245555515752 0.05127069573780464 0.04903494288189947
0 0.7805875433825202 0.4166581109546196 0.06290319992848262 0.0785534699198179
4 0.4490413407996223 0.33459003519508823 0.13722027076703222 0.21770737357961314
4 0.3635114390488076 0.32621831699789194 0.13822883055467905 0.23213045050269004
4 0.2815032598797915 0.31879638193070714 0.12984063900755266 0.21479924753194352
4 0.8801620321528245 0.34391265645517566 0.14375943603680624 0.20859626885805185
4 0.5486916395439321 0.31207320997950183 0.13274876505522215 0.22217887929142308
4 0.2088918320455486 0.27962016696969894 0.12827725934341214 0.22665038500323315
4 0.6399537467411153 0.30688758773466196 0.13772455066085543 0.22491891204115153
3 0.3796489556175961 0.26648361973895557 0.19982023079949313 0.4971753606348611
4 0.7391838122405722 0.290380377903691 0.11731712834449855 0.20674724258069935
3 0.287663935245978 0.24819327703035282 0.199820230799493 0.49638655406070564
3 0.5518013655558429 0.267602056133348 0.2028964501451037 0.5069588385481869
3 0.2143213575623351 0.23618284290252703 0.1976350179262583 0.46592536063486106
4 0.8184266886685247 0.2860352221485567 0.11955288120040344 0.20451148972479435
3 0.4704655595785914 0.25137909299948913 0.20032451069331644 0.5027581859989783
3 0.6481233050076303 0.25847447806185664 0.2047960164051264 0.4999153933845895
3 0.8893401502069863 0.28107646985929335 0.2023921702512805 0.4997473000866484
3 0.743495461329406 0.24582517740856658 0.18650679362940373 0.44361837205848115
3 0.8209480881376415 0.2499775298408644 0.15323967405410982 0.41258700533909265
0 0.3220341377986137 0.8338500887042831 0.062398920034659286 0.07134193145827958
0 0.40865664598604573 0.8265968069014794 0.049371129477781835 0.05607838804549695
4 0.3543932175851611 0.7131787711094874 0.1283277993260825 0.19316463214732812
4 0.4386118796187471 0.7060935826046246 0.13486696459585637 0.18405352742576697
3 0.45460657288092965 0.6655056079274869 0.17626957580492467 0.3998448613954271
3 0.3598815197595831 0.6517966475374398 0.19561789835096471 0.4370792067887073