0 0.6718973351256587 0.6855888964793524 0.12268592278418403 0.1298072955755267
0 0.8403665544881606 0.6175704367992724 0.161290294939652 0.1952506592132467
0 0.30627193682219944 0.6503149109452214 0.136076442702217 0.16444226294194608
3 0.8221153846153846 0.42427884615384615 0.35096153846153844 0.8485576923076923
4 0.7854413659541104 0.3350447808568441 0.2532077835615239 0.4519222834587454
4 0.5699012481417797 0.4020819209582679 0.3215480328742601 0.4239589403378246
4 0.859375 0.29447115384615385 0.2764423076923077 0.5889423076923077
3 0.7405784152082989 0.3655572538357095 0.3705799073396747 0.731114507671419
3 0.5444914974545159 0.40109941118311426 0.48321376413980105 0.8021988223662285
3 0.23304649669406732 0.392195587404449 0.3944755351842065 0.7437683925545375
4 0.21276481836718883 0.33837880768484746 0.30187240198793364 0.47026984523211557
0 0.9290865384615384 0.7055288461538461 0.13701923076923078 0.24759615384615385