4 0.4132610395844746 0.8706344431887726 0.13936205423048412 0.08249995346058316
4 0.3847396100917386 0.35818866480119055 0.1154140366853276 0.055931779257942245
4 0.3904631828460832 0.3065129650774056 0.09618326745455824 0.05581989791542382
4 0.4086592963817673 0.48339144973450515 0.125450039875356 0.0607954122368937
3 0.43567041919786387 0.29835822914351784 0.2966636006670938 0.09542822013777556
3 0.4525730756177357 0.35257063411538947 0.35038945320099685 0.10535127844508561
3 0.46588576350277866 0.4753066396396913 0.34119468716025625 0.11010303008151877
4 0.48776337961218086 0.706320610845681 0.29293687609672336 0.1626799717742086
4 0.4845918495608273 0.577630930608023 0.3060076533025637 0.17476912838251343
3 0.5084526932494318 0.8134665792895197 0.4490670108027064 0.13475683900383145
3 0.5512833246569099 0.5575758378313302 0.8177555520918799 0.2570329367005438
3 0.551360148045443 0.7078931408696961 0.7974122137319082 0.32659063831611945
0 0.2304319758566253 0.7336843369034665 0.0930580494454414 0.07502269681056362
0 0.24225451794330602 0.6122970987181431 0.09849666961509956 0.08226220560773151