0 0.1722986458082801 0.2374192189635849 0.0858131195929488 0.0784907245472397
0 0.25339201806015 0.5255178716944368 0.09268895721282054 0.06461410533260753
0 0.25727452317516053 0.3830354832490353 0.07815398000918808 0.05871349760802584
0 0.3079281675220091 0.6520303057844445 0.068650495674359 0.0627925796377918
0 0.33104646656303477 0.7689632180096532 0.07563823357478637 0.053723652730851675
4 0.3088143253150109 0.2261673000394193 0.21455976911346164 0.14583711842207092
4 0.36771056596234 0.3338132700376209 0.17542682896858977 0.11407652346421192
4 0.43695054798771404 0.5250294663367003 0.17358248421752157 0.13793283243319188
3 0.4110357468718485 0.3394958624421355 0.4148623018465813 0.1946096278428879
3 0.40809836450726517 0.21329393936521232 0.5677033630458335 0.26618139356638093
3 0.47197617751741505 0.6380654491016247 0.4286139770863248 0.16685638941362357
4 0.553876807047116 0.7546534069714398 0.1599986593986112 0.1728976093239948
3 0.5289111484378743 0.5068019556463563 0.39138334171089756 0.2168265636865336
0 0.6431288503890499 0.877797437934315 0.18224671644818385 0.09779605809573347
3 0.7062972372552356 0.7566047105181352 0.5055410737655988 0.3790517357288398