0 0.3822587100443796 0.5463832623581311 0.04160112634177315 0.04002872606016958
0 0.32535129932213064 0.5583494283714624 0.04160112634177328 0.04002872606016958
0 0.618277236850002 0.5126478275531391 0.04640881864946559 0.04022462450999857
0 0.7003269200663784 0.498451271601283 0.04640881864946559 0.04022462450999843
0 0.461978081606332 0.5479586302436465 0.039393504430441664 0.0423346229891013
0 0.5084360554994677 0.5557129795856567 0.028993222844998348 0.03232744147405898
0 0.5417955652895418 0.5507359212060852 0.061028119815057055 0.043216166013331433
4 0.3345248818427328 0.6411841714542402 0.0697111417293727 0.12023719216132278
4 0.6322585116782968 0.5952866721860881 0.08212282098363269 0.12553463059358735
4 0.38951900701742237 0.6353255700504388 0.0775113529184552 0.12774257829760452
4 0.7362371466430603 0.5838143424407711 0.09836107133301161 0.11900873670645004
4 0.4740460708870671 0.6367050394861254 0.07829624988851377 0.13735796291298913
4 0.5139057566680433 0.6374927234288831 0.05008792401357413 0.11464590605431478
4 0.5597504802117999 0.6525075858448889 0.08570401259256691 0.14005565674157885
3 0.640598240351253 0.6383600045054899 0.12328194686454069 0.30690053360610775
3 0.34075510072561505 0.6879612222293259 0.11906292728439241 0.3139161736178174
3 0.40075314245051163 0.6843105685295415 0.12264411889332649 0.3284371997658087
3 0.7416578909340489 0.6354480601360062 0.13706719581640342 0.32902489511529526
3 0.5268569534061773 0.67796631114461 0.0946811725045717 0.27938078443974107
3 0.480766850376236 0.6894917056458264 0.130444330082409 0.3359425859020905
3 0.5764055583019604 0.694036172800167 0.14486740700548603 0.336530281251577