0 0.6961637616121583 0.2993766882699118 0.13661062519539457 0.13509695045307252
0 0.515126319453763 0.9038807594021391 0.10878253487781436 0.10757720128670584
0 0.6108629988181146 0.45609808230341875 0.11409414814015133 0.1173884843519193
1 0.5301179678544407 0.6178230670944468 0.12560945795473744 0.1082628458611071
1 0.4815677886807255 0.7627925456555166 0.11068246007701586 0.09805976589623591
4 0.3893158795193586 0.38564175285084085 0.31118908951696755 0.21657057619122916
2 0.42299182931539864 0.20272701433075457 0.4384465121935842 0.3105082943541737
2 0.31357262203101083 0.5668423799349243 0.3574920676333503 0.23045084223383447
3 0.41192256114576864 0.20709393512633187 0.7675010315546166 0.4102699012560858
3 0.29927884615384615 0.8317307692307693 0.5985576923076923 0.3317307692307692
3 0.3451323970186389 0.3799790498968682 0.6902647940372778 0.35964629833138706
3 0.30969610948797655 0.5562964776828524 0.6193922189759531 0.34816987844262787
3 0.27308683853523524 0.704012624684969 0.5461736770704705 0.32629448013916856