0 0.8628149286880343 0.16640212497409793 0.08212443009081209 0.12666770769529181
0 0.03913695990106857 0.23832406247212848 0.07021709960213686 0.1304942787904108
0 0.27295346343733995 0.2850020447652822 0.07021709960213687 0.13049427879041073
3 0.34358817921346174 0.3303560093366691 0.21791677753012834 0.2913061948797525
4 0.3667883935868058 0.3478451396405585 0.14943413227660274 0.23533114685857248
3 0.10323254383803447 0.3635200883485602 0.19952727028162429 0.4289632536201973
4 0.10818011149642125 0.36992215221820496 0.15262128039433784 0.2691812172549333
4 0.89921234159359 0.39010688628063483 0.15172808802799162 0.3338888391662648
3 0.8858173076923077 0.4375 0.22355769230769232 0.7163461538461539
0 0.6687528464739855 0.48765967321825027 0.08777137450267111 0.1631178484880134
3 0.7463942307692307 0.6983173076923077 0.25721153846153844 0.5985576923076923
4 0.7397832329882484 0.7561788816123003 0.19639607230416692 0.3975170293776827