1 0.6343309692778187 0.6532669882543458 0.12042382493106164 0.10624869194529897
1 0.41057408499285053 0.7151033689549153 0.07729079601977623 0.059404203291595244
1 0.9105996390410609 0.5566505716659561 0.10321896113815508 0.09756498847250693
1 0.5104750130450533 0.6399543003693029 0.0731130049053896 0.07100281548618224
1 0.774089440036117 0.5553118925534914 0.09234377413615882 0.07268528978475758
4 0.16990007305979266 0.6154162167764959 0.2959590230655028 0.44224448952393114
3 0.1827637294285314 0.5152812048138892 0.35822060501471575 0.94539912883376
4 0.3323895452795365 0.4212925642714393 0.2757101903061602 0.46679401363034145
4 0.8372279024450814 0.25125831555829836 0.32428081271844367 0.5025166311165967
4 0.5768413039688035 0.316592860725927 0.30733813102214363 0.4767395728270651
3 0.5691207337429783 0.36188618088867563 0.3738183905628798 0.7237723617773513
3 0.8269230769230769 0.3161057692307692 0.34134615384615385 0.6322115384615384
3 0.7208882136512231 0.31496704893760735 0.3456225811486 0.6299340978752147
3 0.3062724098031659 0.3871175751105058 0.36635489162401896 0.7742351502210116
3 0.44020001391555624 0.3560337524467595 0.31461432000663814 0.712067504893519
1 0.2541572182770526 0.9099031713185901 0.09322563580678697 0.08951221286168067