0 0.679683053003335 0.7402888677894398 0.13687577976688806 0.13093392950247754
1 0.5224779109556817 0.2892681061931301 0.05153782189707306 0.047912295603257195
0 0.5513269036183888 0.4471382258089132 0.06188181679038388 0.057975523954677755
1 0.5734928841527093 0.6282367471552662 0.06097105394297596 0.04595629318544726
2 0.4516375943266681 0.3094538572903236 0.10737274114397923 0.05769893554700299
2 0.44064097288143206 0.46676748616340913 0.1565425796377918 0.07436123115026004
3 0.39614904884343216 0.32530609308568914 0.33916316182892814 0.14514634026692688
2 0.43219448740893807 0.657734961190341 0.21678502330284155 0.11070213972032242
3 0.45009781393573434 0.7666621174543049 0.6350570928886256 0.28827738372169165
3 0.3773944312282129 0.4757440662992633 0.4053420759691454 0.16499620856209335
3 0.3563822572780434 0.6600598075347016 0.5175583721714025 0.19178102691112314
2 0.380823725522607 0.791599580392186 0.3254328324331919 0.18522799834424847