0 0.49889850260734064 0.31850961538461536 0.08284962052587347 0.09615384615384616
0 0.5878408102996484 0.31850961538461536 0.0922971774469925 0.08173076923076923
0 0.37163535493069655 0.4338942307692308 0.09987234257943975 0.11298076923076923
3 0.8798076923076923 0.49038461538461536 0.23557692307692307 0.9807692307692307
3 0.7854893334108356 0.5709134615384616 0.2500067365225122 0.8269230769230769
2 0.35341239393083523 0.6237980769230769 0.12055761849384466 0.23798076923076922
3 0.5001309231625835 0.6310096153846154 0.1960312411251703 0.7331730769230769
2 0.792142288290136 0.6262019230769231 0.1703128185134241 0.38221153846153844
3 0.6155994523943316 0.6382211538461539 0.2631711057385969 0.71875
3 0.34806010368209367 0.6802884615384616 0.22613441854768832 0.6346153846153846
4 0.6099954206041917 0.6730769230769231 0.17548413749202532 0.41346153846153844