0 0.5294556276012629 0.66754739191647 0.034045444107132554 0.03384963850325343
0 0.5299722542599347 0.7264346301017933 0.03404544410713269 0.03384963850325343
0 0.5406522317362964 0.42831575152142587 0.03410138667188779 0.03865733081094574
0 0.5428191640552469 0.34537606662982606 0.03410138667188779 0.038657330810945606
0 0.5459896942785352 0.5893314883256737 0.03882516513244738 0.03147376268503672
0 0.5621321630025209 0.5447694308887236 0.029125866669929907 0.024206283552239107
0 0.5637256840327305 0.5111085921509702 0.034269214366153516 0.053080407734022526
4 0.6128070470793053 0.7343656033506444 0.11354019487832136 0.04873422596421843
4 0.6235289814792335 0.4326409555395077 0.11608389744405546 0.060767441901264124
4 0.6170561558047596 0.6790561640604605 0.12083564718699281 0.05598771992920139
4 0.6319712563653866 0.3268297692668325 0.10909612924153797 0.07995625562858887
4 0.6348480881237101 0.5960255755780648 0.13045103180237744 0.05604366060046054
4 0.6425071671032901 0.5575220816130818 0.11091257846545452 0.029489471565634553
4 0.6658332030064368 0.5153219148265336 0.13053494564951015 0.063255199061999
3 0.6679861496841984 0.43358415301185704 0.2988601189834962 0.06904185311672716
3 0.6596400901557389 0.7376986618090251 0.3060157148802794 0.06427611631247906
3 0.6663350019586057 0.6787694681202573 0.3204387918033563 0.06436002731936806
3 0.6835700348259461 0.33374062662035286 0.32060661949762204 0.07878310424244485
3 0.6846164317191643 0.5536715719455537 0.2745419446212584 0.04486353990011748
3 0.6876767609435702 0.6005255941938314 0.3277342441120275 0.07161352128435074
3 0.7091863476228004 0.5078586433443288 0.3279020718062932 0.08603659820742766