0 0.2943087217059848 0.4583967689484206 0.0602779610277462 0.034750202371994214
0 0.3150622715182681 0.6110991494946462 0.06997725665001954 0.04973331167459021
0 0.3500011504007767 0.8055069632255349 0.07000522698564911 0.054541003982282524
0 0.3453830592137335 0.5659742506806432 0.0988373956639883 0.053817254966993605
0 0.3929277445585449 0.8669213397026015 0.09650347534921608 0.06569647764134437
0 0.3458865252550662 0.4794357891421817 0.09161187203463492 0.05099338452850811
0 0.38092330031227833 0.6570166797961475 0.08686012039820189 0.06032875295413312
0 0.4055972856311637 0.7558425340231542 0.09169578304152377 0.06541646145158517
0 0.4423076923076923 0.9639423076923077 0.09615384615384616 0.0673076923076923
0 0.3775910432090471 0.40313089437561866 0.09890732150306224 0.06583648573622423
0 0.48407111347138415 0.907097416538802 0.07969053744010779 0.06712026713103224
0 0.4587895747077046 0.7060380967258938 0.09169578304152377 0.06541646145158517
0 0.44860159956706275 0.5972349833758579 0.08447025941217053 0.06259259101309968
0 0.4906471281524988 0.8100916675452321 0.10377095448201382 0.07573188654136832
0 0.45513565874473305 0.5074407728438265 0.11577620008342968 0.07402808086192127
4 0.7055288461538461 0.9507211538461539 0.2668269230769231 0.09375
3 0.6899038461538461 0.921875 0.6105769230769231 0.15144230769230768
3 0.6482754685374057 0.3756125742803618 0.6597586744112149 0.22826606415090248
4 0.6542361358346693 0.38437605605602276 0.32999821113203337 0.13456572438314354
3 0.6873717294242186 0.6820792503548563 0.614099582655953 0.22800975650203298
4 0.7065675357354508 0.6892089304985098 0.31311534738385116 0.1239702831036005
3 0.7114023970236233 0.8914820276587861 0.5634649765792209 0.19862727881725015
3 0.7155885507187065 0.7919324244164905 0.5562114826142383 0.19099571607107235
3 0.7071828831193019 0.5834396997292791 0.5755121776840812 0.20413501159934128
3 0.7041505057689393 0.48467199527926713 0.5779160238379274 0.20427501969422115
4 0.7065823222584151 0.4800043110664545 0.33487582927879944 0.14686497134213392
4 0.7552729900088904 0.7906367887512373 0.33480590343972566 0.13484574057290316
4 0.7312772853290226 0.5752243960626922 0.28667303969154345 0.12243019405992314
4 0.7763551912648213 0.8868487846820785 0.330012196299848 0.13696957053698958
0 0.29891982030912057 0.6991314045702354 0.09163984237026462 0.05580107683620055