0 0.8014755113215349 0.38341346153846156 0.06574288350008271 0.07451923076923077
0 0.7893458534839939 0.4483173076923077 0.0842450424529256 0.06490384615384616
0 0.7516709776510901 0.24759615384615385 0.09812166166755805 0.057692307692307696
4 0.674344894021911 0.3798076923076923 0.17151211426931348 0.07451923076923077
4 0.6654165793007607 0.65625 0.23579777721354353 0.12980769230769232
4 0.6573343989672298 0.46153846153846156 0.19165364634749066 0.08653846153846154
4 0.6185552524512238 0.9098557692307693 0.3593405566576908 0.11057692307692307
4 0.636142911264132 0.12259615384615384 0.31323144909447936 0.16826923076923078
3 0.5783316600538545 0.6634615384615384 0.6072292901416366 0.1778846153846154
3 0.5791197420907657 0.38341346153846156 0.5009853271651323 0.10817307692307693
3 0.5648953297041864 0.47596153846153844 0.544036542614296 0.13701923076923078
3 0.5492925193043092 0.2536057692307692 0.5240771631056004 0.12740384615384615
3 0.5331097063296517 0.8954326923076923 0.7738591477855331 0.15625
3 0.5224335317554364 0.13221153846153846 0.7679226773103657 0.17307692307692307
0 0.8667889402905632 0.9014423076923077 0.0760868783933934 0.08413461538461539
0 0.8592452221481204 0.12860576923076922 0.07849072454723983 0.08413461538461539
0 0.83266603956255 0.6538461538461539 0.07000411809933027 0.0673076923076923