0 0.15964503287729756 0.6496410581452994 0.04891617518108978 0.04026387805413105
0 0.816904145280396 0.7390715473783491 0.10079569791880352 0.10477652693404539
0 0.37981975157628256 0.5882252960193739 0.03214520224444451 0.041195559196723616
0 0.5354832800424151 0.6011026546794169 0.037008844692414625 0.044020023925213536
0 0.45322098447900694 0.5854166319868243 0.04433228343450857 0.049458644094871766
0 0.5003757351803958 0.5933348316532773 0.041928437280662416 0.04924833480754975
0 0.33218942468253254 0.5598744040452286 0.03689694441185901 0.03921233161752123
0 0.5884238455673082 0.5988796965121806 0.054395269172115505 0.06953065047492867
4 0.1781184653362184 0.5119309668670944 0.09772245995972237 0.1788751391286324
0 0.6785121261962612 0.5885892520837619 0.05674316518568372 0.06733711360840439
0 0.754261255112554 0.5831664326100441 0.07172574351153845 0.09263743087079764
3 0.3958903428204064 0.502513360979844 0.10152505962051296 0.239181602262108
3 0.35180983501714785 0.4714431589208696 0.10862469780149595 0.2350048378163816
3 0.19312700885411363 0.43233380185584086 0.2127214539966884 0.48160828782735005
4 0.47479763984524614 0.4775443083443741 0.07267689589626077 0.13350281548618226
3 0.4670825501212077 0.45654062082172453 0.1709029071184832 0.33401256999942974
4 0.5625659995307697 0.47106994243404665 0.06820490443023516 0.14750527383461526
4 0.6215161804402782 0.46832121104850544 0.08329938303664537 0.17761328340470067
3 0.5535650615193914 0.44656564032428886 0.17459360649871825 0.3895113408252133
4 0.8655635201349898 0.5011665114905287 0.16531191284690186 0.29993810527093984
3 0.7743002865602034 0.4609761866881781 0.16889071194658156 0.35062918378903096
4 0.7004514525352568 0.44455408148995856 0.12908436024027792 0.18641685217150986
4 0.7801420515239855 0.4532388750083348 0.10733784457510719 0.17971637627792006
3 0.6154496099763359 0.4146552911616108 0.21411819762553436 0.43854936634544117
3 0.6896331399039 0.39371262633155407 0.24620744972970135 0.47734107938831866
3 0.8461538461538461 0.4170673076923077 0.30288461538461536 0.7908653846153846