0 0.5540732446158158 0.7171757409202264 0.14560394116557654 0.13641338741422396
0 0.5426891525068229 0.48965006330990934 0.1282174598532975 0.11639889164539159
0 0.5479442596994131 0.22654087039776452 0.12849723897097548 0.12601427626077627
0 0.42359023763164455 0.37516776325206125 0.11591844996638861 0.10622370235996201
3 0.3143882930348611 0.7528581395956251 0.6287765860697222 0.2559670687759535
3 0.3053067430012497 0.5370717904195164 0.6106134860024994 0.22600130558970954
3 0.3086098272834893 0.2006452898150638 0.6172196545669786 0.2547354985018544
4 0.2838210499021346 0.5173108637158781 0.3265918504982332 0.1688489190033615
4 0.2792730487039999 0.2198497257760046 0.370700418620498 0.19971036966167743
4 0.23118846742681645 0.7586208137697417 0.4510065686092943 0.23705892663782097
3 0.24126434476335598 0.3863605427256148 0.48252868952671196 0.19591695361476133
4 0.17341537568309576 0.3928213157736138 0.33352360984209367 0.15956941719000378