0 0.37026139383293766 0.12115579295510787 0.07795801437104845 0.09387176244427425
0 0.3069591598932916 0.806314670429055 0.060851378470349306 0.06875498267882016
0 0.35699491480196127 0.5376839415339192 0.04388459898153813 0.05565743368259664
0 0.37104122147825447 0.4676177300309519 0.04125698256867102 0.036272618990828405
0 0.3658542327278364 0.7066463768776452 0.060711522058461205 0.05673575190958939
0 0.3801662665867169 0.6137436269131396 0.04858040615971996 0.046350139989209754
2 0.5139302112202127 0.48880266572962056 0.1860471774469925 0.09359226972768885
2 0.5178987650565767 0.5612261412670031 0.1980943794986009 0.09676634318652975
2 0.5339005353033605 0.6332179210324573 0.20038634052293658 0.08730500403214428
2 0.5361348696323128 0.8546798581083015 0.2853321230965025 0.16240813362864623
2 0.554444270675249 0.7283543301814479 0.2152010153992999 0.1218831229519839
2 0.628688841012588 0.13651375693557252 0.35272372925132783 0.1739329449981552
3 0.5859337107060868 0.5030394141749739 0.5159055548890901 0.16036957480762262
3 0.5983436973632901 0.5735982026720066 0.552131074891048 0.17710333364568379
3 0.6214451209421017 0.6556675034358422 0.5762254789942649 0.18345148056336585
3 0.6585411189590217 0.15526624827498253 0.6781100697742644 0.269248313002245
3 0.6093402921951101 0.868993629284154 0.7044404923370616 0.2613274284578488
3 0.6336593086226616 0.7430532150097982 0.6078950482299288 0.22151176386404467