0 0.4139158383391315 0.15812161652043155 0.09980135872588064 0.09254623451742078
4 0.5781085266500698 0.1408754543686303 0.1597964326066939 0.1633969724280891
0 0.5201910289015054 0.6756237602578316 0.04355487738244271 0.04108031129852071
0 0.5599632471138327 0.521222305789819 0.03309902627735239 0.02844489868529406
0 0.5864390614724406 0.4879069911690393 0.03343521287323475 0.033252590992986504
3 0.6428613128223449 0.21625623427606155 0.5988927589706948 0.38537455748644267
3 0.6241359434182789 0.553102786736521 0.18343169421667282 0.09072628719084583
3 0.5993751286718225 0.7000150524320656 0.1911475125720346 0.09839996203538103
0 0.5918109302644716 0.8081881293551427 0.14184339642685317 0.1119919304313261
4 0.6581677195092728 0.4635281556918552 0.12439464014083594 0.06779842689610159
3 0.6671947775818634 0.4725577990743125 0.19662757807149125 0.10832343757276365
3 0.7099861183814856 0.8447365562512442 0.44072671936074176 0.2795158472896624
4 0.79543197348333 0.8659071928472066 0.2583035849317159 0.2032126370218935