2 0.45098966167290705 0.3903817838078983 0.13493938485889928 0.09759696286807304
2 0.47625576994187446 0.47130818807534314 0.2007525131451991 0.13073547191239976
2 0.5173695743758919 0.5853988250406975 0.1741703158940524 0.12515838703109294
2 0.4397104867330436 0.15893521580739078 0.20096234748345765 0.13794701037393822
2 0.48970525559854067 0.2979864582704518 0.18880322715538775 0.13278959416914837
2 0.5792308226249894 0.6880776236886785 0.1902977911767804 0.1016095389485678
2 0.6099341262164247 0.7472295230126691 0.3149922884055195 0.17729210731434747
3 0.5443071311695985 0.3612466021079395 0.4910326158716447 0.20162884544274093
3 0.6241216451476603 0.6723605683463407 0.507439870272051 0.18769538197560054
3 0.5850233774900173 0.4477279806937729 0.6230085963413419 0.2799250943006252
3 0.6129510004675905 0.5610013908690117 0.5501238191523427 0.25138444322573217
2 0.5135266566174147 0.06767389112224577 0.4248697636882475 0.13534778224449154
3 0.5747141807259 0.265490314067692 0.5770557403005869 0.26898075887626993
3 0.5371104770896494 0.08511745538715301 0.7238559688976243 0.17023491077430603
3 0.6552795898053224 0.7158874676703313 0.6507798548426202 0.32636756379731663
3 0.5726214729887771 0.14145689516223944 0.6981573301253482 0.2829137903244789
0 0.31750986844569046 0.520360724973475 0.057246915362207836 0.06891642223434093
1 0.2735432124370626 0.2154091255053195 0.07895147552624265 0.07194977140296274
0 0.3947328124945658 0.7967238391502361 0.07173993706470419 0.07173993706470419
0 0.33692474836113545 0.43092880382523063 0.05187966481915943 0.049545763444732834
1 0.3876446886744105 0.6276024092011798 0.06163493899338303 0.054633234870103124
0 0.41079959173400127 0.7398137858583345 0.06651257608049477 0.05717697058278814
0 0.33693399709726235 0.3480660562969578 0.06219449722873914 0.07386400410087236