0 0.8461425748629214 0.37349148502032137 0.02522752278859304 0.041984993955474684
0 0.5315534802164629 0.3773410596831942 0.022613842296488464 0.034661494559927335
0 0.6318855156632258 0.39427331583943115 0.02735158982476121 0.032481570274099224
3 0.8296561269469689 0.445076712162837 0.05558673812839333 0.1778319488449584
2 0.5249971684232829 0.4376611353973661 0.04139921919715784 0.10275291340568252
2 0.6206614011211925 0.4500096211139287 0.03610191343352899 0.08570206846074153
3 0.5223834879311782 0.44498463479291356 0.05530695901071535 0.16821656422957376
3 0.6190398093677523 0.46448867850401004 0.06781580323588252 0.18560329197654196
2 0.5628199551339189 0.5403251072115206 0.04599707716659159 0.09576529681216223
3 0.5612683081598983 0.5524003184477558 0.06335783482528803 0.19739860087775468
0 0.6267096019861822 0.5721579312240465 0.03229917169129264 0.03751318444980944
2 0.6164775761828133 0.635049794493078 0.046136966725430724 0.10057298911985467
3 0.6159180179474573 0.6542805637238472 0.06335783482528803 0.19739860087775496