0 0.5348701382872412 0.5860710905362445 0.0346333384029907 0.025605914614587687
0 0.5027916600189106 0.6640544824050595 0.03703718455683686 0.025717875548596572
0 0.5484483763682187 0.4301569733382715 0.04454257069311861 0.03326529681216223
2 0.4765717831543814 0.6869173541364263 0.0786861629715369 0.04685198065751915
2 0.48564026674585226 0.5825739683121367 0.07608641836786188 0.04193232741581782
3 0.4609957577668387 0.6849876849884446 0.16620411675914298 0.07492103582030515
0 0.5236977378774065 0.4169621527619461 0.03203359379931556 0.020686261372886497
3 0.47371898520153594 0.5796103174882454 0.18602258133939892 0.0902398002154541
2 0.45505755922918806 0.6534018021864176 0.07598846914294746 0.039528481261971664
3 0.4395305084541026 0.6502702099615129 0.1904384767474334 0.08084833746808766
2 0.47211299479462865 0.4121511465269062 0.07378052143893016 0.04422421263565495
3 0.45793479093383777 0.40546976553823677 0.17572155214961319 0.07296503340249494