0 0.5047025373773307 0.5536174450326536 0.0725105618117637 0.062124552449319574
0 0.43278142743278813 0.5299194586551628 0.06781483043808041 0.06438850904432673
0 0.36038282655503334 0.4701987523596892 0.07010671565791754 0.06205460766990001
0 0.5974152417740737 0.5083033407428013 0.0704425984599446 0.06926614613143861
0 0.2818363160888258 0.4331047501874957 0.07010671565791754 0.06205460766990001
4 0.5260999751845378 0.34298826562664575 0.14704304829038492 0.27074383072441566
4 0.44937117293230283 0.31915038969031584 0.11204567092843067 0.24091844996638861
4 0.36898062098229406 0.29400567350793355 0.14133966851062058 0.2513731719348073
4 0.6417908261740042 0.3271498181977227 0.11310598587416856 0.21214224089965433
3 0.5401015416414071 0.3085871374621033 0.25808769866742953 0.5932531603627343
3 0.45180135235597735 0.2940149222440605 0.22091039701964704 0.5681655271329803
4 0.282774728318512 0.24708645238209687 0.13105251829118172 0.2366703158940524
3 0.3709069762029281 0.2580528983693705 0.21777549086739476 0.500857834825288
3 0.6522985843341131 0.29504761901789717 0.2382378303722632 0.5278597007529517
3 0.29434611535170674 0.2378207916638098 0.2136922307034135 0.46473019773817614