0 0.7078711778050063 0.32174613705908317 0.10714560317713816 0.06911566282516737
0 0.6858509793718562 0.37806306545914636 0.12226872057461417 0.08172258894388484
0 0.6452689756719224 0.027246352208834115 0.18957641288230648 0.05449270441766823
0 0.6953833840941256 0.5210429370005353 0.1320241132848784 0.08451823199738885
0 0.6514174775761872 0.13851101848630382 0.1269364047874266 0.07951464123986761
0 0.7097579223601918 0.726473833929467 0.15097486632588814 0.08049413348901223
0 0.6070507690135779 0.20417192606151585 0.1304603157003109 0.09884335969555134
2 0.5235665338711204 0.549729896578991 0.22533038045934908 0.12189414869798408
2 0.4757944571000774 0.3914413149468529 0.28131888247220943 0.1361662116402471
2 0.4895141288230641 0.7511101626215962 0.3300958460235313 0.15014442690776683
3 0.37305061936689793 0.06971153846153846 0.7461012387337959 0.13942307692307693
3 0.38755218988216844 0.40708466703791824 0.7356220970082424 0.1954460505395481
3 0.41938256607688634 0.7467391516825768 0.739005999826247 0.21237092284138562
2 0.3587427204225802 0.22272313237862282 0.3538542913722334 0.14631622684921908
3 0.3943188739429471 0.5646345393397558 0.7286905747364634 0.199959895172497
3 0.34480967183158245 0.23172428926657102 0.670858258949276 0.1952052676207041
2 0.29676943314122495 0.05862691547243712 0.4493080970516807 0.11725383094487424