0 0.13300463213393796 0.3816206209271371 0.1034096057412213 0.08707229612023476
1 0.23830838256494843 0.027180340966877034 0.08588323487010313 0.05436068193375407
0 0.11773094656690208 0.823998258014249 0.07633779503413801 0.06466828816200486
2 0.19560391365760482 0.582752194713681 0.1847649274213101 0.15909201230261708
3 0.23393220948316562 0.5769303031044059 0.46786441896633124 0.2948192872073848
2 0.27221787471875636 0.38477536218234404 0.19127701808865355 0.1352633851024141
3 0.21185278102691799 0.7672188455450594 0.2855608526704267 0.23888282518189394
2 0.3505326210488945 0.08707388665610133 0.19834866699135295 0.13066552713298027
3 0.3176811173035748 0.3906579498349118 0.4752548644860143 0.2371969242944967
3 0.3740593585685011 0.1538718774997367 0.4393812828629978 0.3077437549994734
0 0.04043083155727822 0.6415949781757462 0.08086166311455643 0.07257927441773841