0 0.5841346153846154 0.7007398670618437 0.1466346153846154 0.14486907578979377
0 0.5576923076923077 0.4742235087238115 0.12980769230769232 0.12446165347343634
0 0.546875 0.21296069779531585 0.12980769230769232 0.1340770380888211
0 0.43149038461538464 0.3676637914811055 0.11538461538461539 0.11383770907040504
3 0.33533653846153844 0.7505894464756738 0.6514423076923077 0.2931494375882001
3 0.3161057692307692 0.535588039013049 0.6274038461538461 0.2626223507626352
3 0.3076923076923077 0.20204175017122758 0.6153846153846154 0.2930318842729295
4 0.3004807692307692 0.517449876218897 0.3269230769230769 0.18872607313537854
4 0.2764423076923077 0.22105388612138535 0.37259615384615385 0.2207659996424138
4 0.26322115384615385 0.7604399377216 0.4519230769230769 0.2623707707821634
3 0.24639423076923078 0.38902043696103406 0.49278846153846156 0.22676681838562415
4 0.1814903846153846 0.39956857139006 0.33413461538461536 0.1796149684138171