0 0.7767873862284131 0.5392275119140241 0.1022367976718007 0.07955844031567703
0 0.7058481568716191 0.16614788035179393 0.10522931655319102 0.08689595901587666
3 0.6921132533599237 0.5710018761072371 0.3570440932473274 0.21019688619757668
4 0.6173228752861757 0.17116498625604631 0.12122218741638537 0.1068826096786128
3 0.5872993759849339 0.1840763003151894 0.3764710867206113 0.213608574260712
0 0.5673590295782743 0.7093115741209318 0.09340631002647506 0.088669903976417
4 0.541996351951963 0.8129970201426115 0.2056509407986899 0.173539957554431
3 0.46242404938885523 0.7822713843358245 0.38216158975353665 0.28332011272225033
0 0.3037442370505937 0.34544728281590903 0.125833655481563 0.10473072400208903
4 0.219217173180949 0.34584566677046086 0.16385359021440207 0.13065888912046789
3 0.20832633098921904 0.3609667458158162 0.33742087553152883 0.20438135198059507