0 0.338060370232099 0.1513208081457127 0.019454539489790187 0.020800563170886573
0 0.23342313433384732 0.16586617807971618 0.014646847182097744 0.02040811468585729
0 0.3054685907432879 0.16598906618889148 0.014674818464475433 0.02281196083970344
0 0.3739362492043368 0.16400244450799265 0.012243001028251727 0.020211890443342612
2 0.2679432481760852 0.19186708040940734 0.0246538297507689 0.054846857809762076
2 0.3387867815086028 0.19208808063983998 0.029517464623216447 0.06004699860248374
2 0.2341915025339175 0.20302768134307428 0.02468180103314652 0.057250703963608235
2 0.30746685330265877 0.20064861117714608 0.0246538297507689 0.054846857809762076
3 0.2713252471478336 0.2108035132764046 0.03765205540321595 0.13996259440695077
2 0.37708049227587553 0.20337156968268216 0.029517464623216447 0.06004699860248374
3 0.3409808430446169 0.20992070255117146 0.037680026685593566 0.142366440560797
3 0.23399570355727423 0.21985460441999732 0.03759611283846071 0.13515490209925846
3 0.3072850399672043 0.21627361117714605 0.030412545659299867 0.1369700755255606
3 0.37695462150517633 0.21418887737498987 0.03751219899132799 0.12794336363772008