0 0.8305552714229472 0.7024480947876547 0.08908514138623722 0.06501801205910213
0 0.7989257449536158 0.5154505700703826 0.07927385832102374 0.05993054063373211
0 0.7892654758692161 0.45514458188597023 0.074368216788417 0.05738680492104683
0 0.8029947279310077 0.5563858994651867 0.06676488142722056 0.04756158596740366
0 0.831797988825443 0.82133356223391 0.09139103831516894 0.06268411068467554
0 0.838195310966274 0.8899480947876547 0.09389283369392952 0.06515790161794126
0 0.8131365628530952 0.7463596903984524 0.07868616297153717 0.045507463710655185
0 0.809896058144034 0.7846813393011518 0.08879129371149393 0.05780647359756394
0 0.7879757753715596 0.6591917258452151 0.07716385984192087 0.067072134315851
0 0.7485123024263692 0.6040210433026745 0.07456411523824559 0.06219449722873914
3 0.6417717596948782 0.45925643949013195 0.3743061751387145 0.1117330344921429
4 0.6564457913409801 0.7309959720438766 0.22394130892046576 0.1337688210810216
2 0.6143417794665417 0.5520971573576783 0.25337515811610634 0.14903123535713247
3 0.5925602402445546 0.5478618851121334 0.5000367041821309 0.19222329516561487
3 0.6430288461538461 0.90625 0.5024038461538461 0.18269230769230768
3 0.6079995135989068 0.749994796373469 0.5360943964898232 0.19327246685690752
3 0.6060813234261906 0.8207683683530914 0.5027874627666196 0.1418824154936845
3 0.5633630838243159 0.6562576582002604 0.5429141380517036 0.18386691657978133