0 0.7967383566308115 0.3785600265640151 0.07757570031569554 0.09416955503444385
0 0.9023094295281677 0.40322082807023507 0.08322344119266653 0.10862060229315035
0 0.4539802675654149 0.38017290938117587 0.06768029951055145 0.0893059220554924
3 0.7911261785651758 0.4542741878262616 0.1500162750521591 0.2652062463207055
0 0.50398286273455 0.4093197443353478 0.06740028332079198 0.0844982297478001
4 0.780472587508638 0.49268677820044826 0.08165964360809906 0.12302969404841249
4 0.43508878587663047 0.4774517601889637 0.10709818609535823 0.14720800726502203
4 0.8796614378185196 0.6062828948150685 0.13886080139309698 0.23870799795713865
3 0.8617025957121134 0.6049760829795345 0.20978499562677327 0.34245098210352276
4 0.4875307900109469 0.5679316349857496 0.12259391069569311 0.24822548639781963
3 0.40806385883914403 0.5698739706017075 0.194567044065737 0.49375343811768246
3 0.4692574904786764 0.63395349320963 0.205698809183909 0.561103085928819