0 0.17793812702916248 0.6773454946329073 0.16321736506686316 0.21227380653268432
0 0.6195704365385877 0.5183497438002822 0.14896217645865034 0.21590415338528857
3 0.41271375107167035 0.5316192594257746 0.23943845621759835 0.8848599706372379
3 0.8521634615384616 0.484375 0.29086538461538464 0.8774038461538461
4 0.8448718594077012 0.41196805614600396 0.2052122172181702 0.5225170293776826
4 0.3868819278154506 0.41319296991609894 0.2644460541559397 0.6400109561862893
3 0.14005270905321726 0.3939854889276259 0.2677504107074754 0.7879709778552518
3 0.6066201609599831 0.31451219113314843 0.2517018603815045 0.6290243822662969
1 0.1541895895535031 0.20881580058204977 0.23302050676345457 0.41763160116409953
0 0.4308113251265061 0.877282544973334 0.16478176964638835 0.1884315692367376
0 0.8860883388080558 0.8328865125552656 0.1527625388771576 0.18745044802416408