0 0.49976333283474655 0.7203992026759243 0.1576236409305976 0.11085847152741807
0 0.47558751739310523 0.6559569087196991 0.1514194323582442 0.13957874750149338
0 0.5931318564862911 0.07613255744663952 0.16369049559977136 0.14700008241649606
0 0.3990612349737256 0.8867200561967525 0.1738095451597485 0.16159099650234438
0 0.34477632473503833 0.5837664185839204 0.22761754627611672 0.1889564085898943
0 0.30383460409044283 0.7586536744528127 0.20324330810792682 0.17892143106758157
3 0.3874198548117386 0.12565645229791628 0.6674679826842151 0.25131290459583255
4 0.3900908006437231 0.08216252872205235 0.3400107064048615 0.1643250574441047
3 0.24814173992006275 0.857226263113674 0.4962834798401255 0.2807397814649596
3 0.24792427139826126 0.5568503921096368 0.4958485427965225 0.34302998501149556
3 0.21426659570560466 0.7304518063202203 0.4285331914112093 0.27467331043648247
4 0.16255336898622802 0.8418888948563464 0.32510673797245604 0.2152606718257686
4 0.1107752948540719 0.7082175942815504 0.2215505897081438 0.20856481143689912
4 0.10700546684724896 0.522045395230552 0.21401093369449792 0.22994767107735742