0 0.7730540579327396 0.1547247912355029 0.06527015719525874 0.08406288988344403
0 0.2578754835927739 0.1720708257199446 0.07703755549219338 0.07776211426931348
0 0.6507669758434402 0.20737487933303475 0.06510226888039483 0.07925519757575171
0 0.5018544305411268 0.22227410787166166 0.06792583582140128 0.09145658091446407
0 0.43716044478086086 0.23320184263227958 0.06185898115222767 0.05503458346780859
4 0.7601610725880928 0.3376723964067401 0.13554642942475845 0.2428271631056004
4 0.6531632138690651 0.37952310818725715 0.15435747786836737 0.2322651528922222
4 0.24196433811938256 0.3721185828223273 0.17353483735338876 0.30084791318628556
4 0.4863897107277697 0.40059617330468816 0.14616914392932812 0.2724019272296806
3 0.7559715237941094 0.42475731565364633 0.23576778862465028 0.6412115786838601
4 0.402926648602611 0.42620228246731257 0.08928574339965692 0.22253934120852747
3 0.649183525468662 0.47261764281877877 0.22341278122569092 0.6306854312210677
3 0.4024954901484189 0.4828748196521787 0.1763965977837006 0.5887629939393793
3 0.22220702860995736 0.49653626236329684 0.30470095433523625 0.7615143134444782
3 0.4843254707424624 0.5140323239591613 0.25840973389845046 0.6716971056553482