0 0.5253166696951959 0.2322315459403693 0.0996795007659938 0.10600074800798473
0 0.11133236954441217 0.36345913613720343 0.05747100963169576 0.06539754548920662
0 0.23072720774111502 0.3925946865317997 0.05025947117015734 0.06501960477322313
0 0.4008126755621673 0.4183662065536649 0.05565477257987412 0.08209848832746854
2 0.5597603262670258 0.41826744076683975 0.16743744827253076 0.19113298368260523
2 0.130601281315087 0.46681940994294596 0.10680709507010011 0.10397484257012206
3 0.12006251096794941 0.492757796680609 0.16011909031949687 0.3251184671046842
2 0.2250075673687015 0.48742062937006164 0.0908196135674979 0.12713144243795546
3 0.2540063423238773 0.519043459276403 0.18714900711382917 0.34333117280687975
2 0.39256327279975956 0.5166719383840349 0.12198566941006589 0.1263653393867044
3 0.3990193138444092 0.5386844944846337 0.1607066994215215 0.3419453901816071
3 0.560733292205716 0.5628131605942619 0.2652626203961971 0.7937220436274545