0 0.9366743269609047 0.6695018606802544 0.05826360091873157 0.08062112947778169
0 0.736726626271856 0.5981099492057447 0.12044388767277944 0.18304496763812003
4 0.9349516506402282 0.5593451708481842 0.09080780731959018 0.1355228644376907
0 0.45899011217868974 0.5260626978558404 0.02365173495990902 0.030358993527624004
3 0.9229241831960322 0.507074151997698 0.1496086348320057 0.4290777418201334
4 0.4455673583682944 0.4880466626304899 0.0347799592567638 0.05266598210400385
3 0.3053038149555119 0.4662780205806735 0.06621452590463502 0.16011614585264602
4 0.5228771618699241 0.4647475876163934 0.029804173651130236 0.04992594935427546
3 0.44458406857198285 0.4568807092794604 0.07303933778762096 0.1892984862946821
3 0.518708336087696 0.43933910970306767 0.05217817556011074 0.13042952551678647
3 0.7019554636564973 0.425839985952227 0.2945282506044695 0.5516398290335472