0 0.41769542675986 0.49779034348526213 0.06410351037474846 0.05323424457998531
0 0.3406274794261638 0.5439319235301348 0.06705381423703936 0.06045976820933856
0 0.5844895055979453 0.49321260509136455 0.06242827449882864 0.06283564402755513
1 0.6854689754347767 0.4769932354592357 0.05430597318988252 0.050774457754880015
0 0.5206427121104029 0.5392772667132558 0.06224612192934705 0.06043179787370899
4 0.4464892058884119 0.6238803852196668 0.13312514012549956 0.17137233531381676
4 0.6164516039088554 0.5976400611055243 0.1226348554132927 0.12806114904114166
4 0.7176132263151682 0.5838245376272416 0.1270423798314363 0.15451744190126412
4 0.36940332717942287 0.6856539578484468 0.14678374402006447 0.19307687653750621
4 0.5491632623847326 0.6617615392168912 0.11316576061680414 0.1616450693559136
3 0.4624799304356516 0.707959059933023 0.221526667742469 0.48184608869097023
3 0.6441883303711035 0.6780430407490372 0.20178530355384056 0.44328665405472817
3 0.7439658771310118 0.6618306637008159 0.22119822535409164 0.4458023815510926
3 0.5639879266056348 0.7145832213463401 0.1912591560910483 0.431211482614238
3 0.38661390617887853 0.7540936473939882 0.22669866518912435 0.48668175133429187