0 0.6219701180091246 0.3332075020128513 0.17095462537357192 0.15972224486639994
0 0.4486691258801173 0.8912012223843926 0.09517661588355622 0.08500459137062076
1 0.5774867975786159 0.1945513601736949 0.11444934440501833 0.0880799907839234
0 0.5003633610176155 0.5478442382986791 0.09268885114832442 0.08011295490549622
1 0.4093684016047222 0.9379350389424024 0.11474305943986816 0.10490691386084669
2 0.3327235196087771 0.5059104549707408 0.250281548450495 0.16249240206165866
3 0.35982500936781536 0.3312691273142925 0.7082589298176943 0.38749246320093833
2 0.2662522833461272 0.6623397809526368 0.2359004308181109 0.1643925832709123
3 0.25961538461538464 0.875 0.5192307692307693 0.24519230769230768
2 0.21446196304288861 0.8734012824193795 0.30603156218657773 0.19086542537490422
3 0.2779771753259592 0.49539838949647713 0.5559543506519184 0.2407967789929542
3 0.24909514548128991 0.6470772624552388 0.49819029096257983 0.26050067875663147
2 0.2662577428837557 0.24862641001880198 0.49347743631153007 0.3319445101125596