0 0.7508208398807803 0.20305634698831765 0.0615649942139636 0.055738501413817525
0 0.5887541518980361 0.803418558979771 0.08919636315640293 0.09891728818974325
0 0.7453928932944393 0.1411273422032749 0.09125048541315167 0.08710836670783458
2 0.5401140574950924 0.6943296016100416 0.1588379568385217 0.1026124113682332
2 0.579573320340758 0.49775470086331797 0.15451987798676606 0.1190187158705125
2 0.5975764428410213 0.41739094200014126 0.12065619749466149 0.10886284738646701
2 0.5402631957900584 0.6063789077073352 0.1546597675456052 0.12382640817820481
2 0.6061611532373671 0.28800386826709284 0.1769238859449961 0.14735380714871762
3 0.5374010954793209 0.49768005756595335 0.35599756257974324 0.2037820790259253
2 0.40669496031116853 0.8899139786127486 0.2068192114824426 0.18593521090427328
3 0.5232320740203392 0.40486173870854597 0.4332004186204982 0.22012736083561166
2 0.4317090356708387 0.7342496844780619 0.2145203633999176 0.20339306184316214
2 0.5943702542786486 0.11345478017891623 0.20549026067347198 0.1402621339811962
3 0.46234803012831693 0.5923323174078339 0.4531306356454625 0.24584829667264868
3 0.5149548889500523 0.2752044230411671 0.531802332054027 0.3126743477131044
3 0.515475861705034 0.1330620360332611 0.642125199666855 0.23121273037108142
3 0.3137019230769231 0.8365384615384616 0.6274038461538461 0.32211538461538464
3 0.3248301531764884 0.691597760966025 0.6496603063529768 0.3508939754954402
0 0.7073140285649102 0.45591132306310406 0.054563290090683565 0.0623191120133902
0 0.7361915417101093 0.33311957057998437 0.0744235623362286 0.08563620169658105
0 0.6775714544130942 0.5256081508742864 0.07166999228528462 0.0734066616400284
0 0.5680452935633303 0.935359855506979 0.1041090535354164 0.1170060669905979
0 0.6405252864574018 0.6392503593133179 0.07661757415181605 0.07863497252236448