1 0.6081730769230769 0.6782813589389131 0.11778846153846154 0.10507480217571058
1 0.38461538461538464 0.7401747040416355 0.07451923076923077 0.06029457657270253
1 0.8834134615384616 0.5833332144514007 0.10336538461538461 0.09495575261573358
1 0.484375 0.6657775599697424 0.07211538461538461 0.06982601703065491
1 0.7475961538461539 0.5820664439616983 0.0889423076923077 0.07281747228652567
4 0.14543269230769232 0.6403540707830511 0.29086538461538464 0.4356380122800516
3 0.16706730769230768 0.5386370349046239 0.33413461538461536 0.9179182378830599
4 0.30649038461538464 0.4484317353120245 0.27163461538461536 0.4566010744052103
4 0.8112980769230769 0.26614000071282484 0.31971153846153844 0.5159722652461597
4 0.5504807692307693 0.34255563410189843 0.30288461538461536 0.46730773306721207
3 0.5408653846153846 0.36999005542694874 0.3701923076923077 0.7399801108538975
3 0.8137019230769231 0.32433985383793523 0.36778846153846156 0.6486797076758705
3 0.6935096153846154 0.32502667430323406 0.34375 0.6500533486064681
3 0.28125 0.4108516105035228 0.3605769230769231 0.7649954697686591
3 0.41346153846153844 0.36568030923033307 0.31009615384615385 0.7313606184606661
1 0.2283653846153846 0.9343329973516442 0.09134615384615384 0.08732449336703468