0 0.2774835036608982 0.41115312508155577 0.06261986529401706 0.03094475778195602
0 0.25571540237749396 0.5635035512997743 0.07088295019216513 0.04321582102348305
0 0.23256558007614103 0.7592071524446555 0.07130356876680903 0.048023513331175355
0 0.29764704407984427 0.5251831962802261 0.09993941332564099 0.04662699706651425
0 0.2568301515978648 0.8263622236433259 0.09858711360840446 0.058562283678313065
0 0.3230367152899581 0.44167816207635135 0.09230725628945863 0.04156747228652554
0 0.306271904951212 0.6195208053822506 0.08834080113105405 0.05101496858704625
0 0.3021414525477221 0.7218521552355763 0.0935691120133902 0.05599054920960246
0 0.27631754215819265 0.9343407073786648 0.09660388602920214 0.06328603182857287
0 0.37611583926595504 0.37240161160781543 0.10099095976225068 0.05864622783574502
0 0.33382896186389055 0.8833028634575554 0.07956665366495717 0.06029457657270253
0 0.36832186507585596 0.6819673956365029 0.0935691120133902 0.05599054920960246
0 0.3884979360539897 0.5753739904987936 0.08635757355185174 0.05573871673730634
0 0.3685784864054146 0.7892743261123851 0.10663988921923065 0.0684295007659938
0 0.4226165327335479 0.4885569916151618 0.11583465525997137 0.06395758508802984
4 0.5372596153846154 0.9651442307692307 0.27163461538461536 0.06490384615384616
3 0.5528846153846154 0.9459134615384616 0.6826923076923077 0.10336538461538461
3 0.6428828296958696 0.39618446208457 0.6572699450447289 0.17153549573026056
4 0.6516569771619665 0.40613562332968295 0.3351251391286321 0.10516640541076369
3 0.611050393967309 0.7049108045389366 0.6474442511420224 0.16879587294668605
4 0.6140252353361124 0.7122482592366232 0.3198608250562677 0.09504735585078641
3 0.5878406390189477 0.9150794546856109 0.626110389038034 0.14408585814876781
3 0.6131850882324089 0.8183112945568662 0.6038448457914528 0.13611882227034044
3 0.6507127654601863 0.6098482324317076 0.5930874707461536 0.15012217840625708
3 0.6689508308557701 0.5116263167537436 0.583682395418091 0.1521902479303749
4 0.6739688324507843 0.5093903589147616 0.3407740685856125 0.11494967834101234
4 0.6324158574631782 0.8189828478163229 0.33972252214900267 0.10293044757178157
4 0.6715660763425225 0.6057540654621879 0.29122498049743556 0.09644387211544779
4 0.6261970228368251 0.9176244842814472 0.33533544841595414 0.10757025156460998
0 0.21470073116738012 0.6464629484803405 0.09272787486410253 0.04637516459421785