0 0.3307258522684065 0.6365902010467619 0.07830773351594025 0.08066962037909366
0 0.5178543019443484 0.5497397745969183 0.04178848901062683 0.053597923326393564
0 0.5594180981483421 0.5216279083378891 0.05621156593370376 0.053849679070550494
0 0.43258070241884927 0.551855989008092 0.036771000249470484 0.04149477397577701
0 0.38325989697431023 0.548591977395043 0.05621156593370376 0.053849679070550494
0 0.7827720772947477 0.4450222558638225 0.06839863386570609 0.06367486013939928
0 0.6390448195522924 0.4713508522684065 0.056505280968553576 0.07067660214747357
4 0.42044167706971736 0.4759460183538205 0.07159970654271593 0.10938989635316897
4 0.4883638623846331 0.44348801198472 0.07691091033872209 0.1383199687807086
4 0.2774967494972569 0.4782571328652893 0.17495292457374564 0.24817141733149867
3 0.4019093194275572 0.44678516982747046 0.12978335913898265 0.2762203446544888
4 0.5201654164558174 0.40679484702445784 0.10655429070803976 0.18449655719209937
4 0.36332190309394036 0.43890228271484666 0.0963934353136484 0.1530787200293281
4 0.6119372465010768 0.3639391258699779 0.09892315933957309 0.16033221778155932
4 0.7518489385592988 0.32552835976012395 0.1308025486999655 0.1969353808682585
3 0.4646042195278524 0.3902047833385227 0.16764530094646665 0.38021511863026586
3 0.2611374619101323 0.43591708978347826 0.25429747377265194 0.525914463035284
3 0.35067328296431705 0.40263479395369023 0.1650736176298492 0.3705577747241885
3 0.5061470360864997 0.36089099400257035 0.18493377622101084 0.40695114135742333
3 0.6039704408070675 0.3205440172286687 0.1700491471003128 0.38025707792095875
3 0.7401085264717489 0.2724549275673908 0.20698798451255457 0.4313672365121203