0 0.745725749862335 0.8495433158116114 0.15715893104148812 0.15246225273703665
0 0.2561919157422128 0.7751837221051289 0.15475508488764197 0.1522519434497149
0 0.5262864420831508 0.7778610803300582 0.1472635302363439 0.1468133232800568
0 0.06799924323733736 0.7579487110127494 0.13599848647467472 0.19083334720527034
3 0.8137182636482899 0.4686186941923796 0.3638355537390947 0.9372373883847592
3 0.33227157937031987 0.43682494018696594 0.40757222587474484 0.8736498803739319
3 0.14543269230769232 0.42788461538461536 0.29086538461538464 0.8557692307692307
4 0.8334272069406932 0.4113829666489333 0.3062166148199179 0.6175149494673783
3 0.598468466020284 0.4340620431738608 0.4036045821363311 0.8681240863477216
4 0.6062163283204515 0.3499470436447305 0.32278723024797173 0.5735243468428769
4 0.3402757493193568 0.3170112992094024 0.3154356836915534 0.570489572827065
4 0.140625 0.2932692307692308 0.28125 0.5865384615384616