0 0.7852963811290542 0.2704326923076923 0.2050131128274758 0.18509615384615385
0 0.5497194580521311 0.2704326923076923 0.17582366573996266 0.15144230769230768
0 0.16056633823707406 0.22956730769230768 0.07260574685558836 0.06490384615384616
0 0.33406008905477863 0.27884615384615385 0.055386375293636 0.06009615384615385
4 0.3212557629494063 0.328125 0.07034896970058678 0.09615384615384616
3 0.32520482542153467 0.36177884615384615 0.12323318835303627 0.21394230769230768
4 0.1621848906886957 0.33774038461538464 0.11332366573996265 0.15144230769230768
3 0.15119573800962552 0.3798076923076923 0.21747315386107433 0.39663461538461536
3 0.5238160727454486 0.4831730769230769 0.4250371818412408 0.6129807692307693
3 0.7680288461538461 0.5673076923076923 0.45913461538461536 0.8028846153846154
4 0.5192779408136103 0.5600961538461539 0.31833677856743847 0.33653846153846156
4 0.7809532832432333 0.703125 0.41434276225810834 0.5408653846153846