0 0.698429451042766 0.28508276046259645 0.11584850518696918 0.10513807276704139
0 0.5840071556336365 0.8659508941584273 0.15762317193480732 0.1387682103799976
0 0.6108876294747151 0.6869225054738839 0.0967576255150388 0.10882570031569554
0 0.6078506672154288 0.5844090236982228 0.13034152688946554 0.10838196749016624
0 0.6787404276551054 0.17557960663816174 0.1068626235863601 0.1262126557721377
0 0.6330396045236477 0.4221375540431624 0.12553383458177336 0.10810195130040662
0 0.5132428323901408 0.7739402626492099 0.1162681738634863 0.11956114969011832
3 0.40046828440696564 0.6361402546629258 0.5425625567937067 0.25477949746588063
3 0.411609592342788 0.5428802829950049 0.5039611287733291 0.24773167564011198
3 0.4370083639892655 0.373397274878406 0.5261553023933007 0.2682225177247991
3 0.3528146430972241 0.7429251049076501 0.46932805570760994 0.212117716157949
2 0.42300134265204115 0.23412606032065394 0.37042063950282006 0.19435815349864782
4 0.36497939907075627 0.5317366636063879 0.3415045408772468 0.19027421020624458
4 0.33920517987359844 0.6313681251665687 0.3292055309903379 0.17995878511646113
4 0.3834114389836636 0.3534201696666882 0.35422321944067264 0.21501271221910478
3 0.33392275849155895 0.8349250037216529 0.6678455169831179 0.31888846898176726
3 0.3892076069393559 0.23697363930002951 0.7272390419633434 0.25113704384854574
2 0.3960658084131324 0.125404805288503 0.36278943236476463 0.17951505229093156
3 0.3945141614391118 0.1373540320102939 0.6917409078910073 0.2682676916561184
4 0.24597413007378233 0.8149597527803801 0.4430955823535608 0.21778916557580993