0 0.09677625416816686 0.1399530226645054 0.12332668288957004 0.08603070539715568
0 0.18870192307692307 0.9699519230769231 0.12740384615384615 0.055288461538461536
0 0.22988779485384953 0.7492397851963178 0.12764462907269009 0.07437577976688804
3 0.2735937069917531 0.6826248404159662 0.2801561979521724 0.22971785573603343
4 0.29010025001598316 0.6621742167329809 0.22933669657764477 0.1587671120387094
3 0.3137019230769231 0.9098557692307693 0.4206730769230769 0.17548076923076922
4 0.31850961538461536 0.9194711538461539 0.2668269230769231 0.15625
4 0.3202584394854523 0.12915790457232038 0.3276984904355081 0.16142767507976188
3 0.36693754103562337 0.1375175719849034 0.7034290194789244 0.266584400272483
0 0.4236401846746055 0.37329599841487754 0.15958027364709124 0.09357068624707174
3 0.6511913529692828 0.32181764827678944 0.6247877409764023 0.277400288556514
4 0.6893100691436206 0.3331455509269562 0.38725183340119046 0.21147241367039654