0 0.5262573814776974 0.779317455320003 0.07177501067666206 0.07049473436811154
0 0.5958974244257048 0.4958445804362972 0.05596552460459437 0.04869229128923044
0 0.587326232614932 0.6811784901826606 0.07279244768151759 0.04888809026587364
0 0.6724229309992342 0.3385876142707034 0.08829384283158713 0.06588284103706243
0 0.631799228866742 0.586841093252731 0.10200757367180667 0.09246500514125823
4 0.6804439092625739 0.7077598122215425 0.1334116191328054 0.09523247796601317
3 0.7472645517931691 0.39906053836364086 0.33209605656359203 0.23446144004307493
4 0.7643225430615908 0.4024705086177669 0.1457389408240339 0.10018002668559343
4 0.6796556980435606 0.8268480963252487 0.18527879751256512 0.11745449028055842
3 0.7431320801459537 0.5410413034936408 0.3702817871198573 0.15563800004894873
4 0.7536555960189697 0.5926400819542003 0.10092925544481364 0.07563808206433514
3 0.7320800194508353 0.7252012614454587 0.4215936648777584 0.20667819492727035
3 0.7188874638100938 0.8384197865764378 0.4778063991822137 0.22174461134503184
3 0.787477786736521 0.651184671693711 0.40880420680353285 0.19451910774615136