0 0.5624660143348964 0.4100631426825429 0.07842461816772656 0.07495277097148942
0 0.5953282033892809 0.26448360611279526 0.11308630623086202 0.09437933255166585
0 0.5625136720253008 0.34037258197272663 0.057934046550345834 0.05080242809050945
0 0.5300243128772575 0.4559110342033048 0.05464833872587167 0.03396151984577172
0 0.47465586838691365 0.6641024521155708 0.05515225968051619 0.043576904461156335
0 0.4896254131453974 0.5618830499058501 0.06527156525054546 0.053248229747800094
0 0.4433530998868672 0.7111452741293485 0.07564283129789705 0.06772724734213617
4 0.4211362409993504 0.653599810699096 0.10854079601977623 0.05349996276846652
3 0.39355500034945023 0.652558717052043 0.2501055370000928 0.09517648711710927
4 0.46711570730342156 0.32650891176224156 0.14370640503755622 0.08254190896402737
4 0.3774005253465951 0.5481172758700686 0.17849407333935283 0.10437231669805004
4 0.3328970462389632 0.6865551998173518 0.19291715026242975 0.10445622770493876
3 0.41011629092375024 0.31362340194364285 0.3923001791737152 0.1488722422349828
4 0.3798945760716078 0.38589262340499025 0.2876647705524347 0.1698915102357472
3 0.3402039000813103 0.5471321228942749 0.38331469575163635 0.16083553233295442
4 0.41034780816250416 0.2174975261254263 0.2924724628601272 0.16991948057137676
3 0.27305285287013165 0.6820971367050295 0.4010234804991875 0.17776035158458114
3 0.3510705258676478 0.20222215532079618 0.6464473054302491 0.27531271451990685
3 0.3098067572977114 0.3731259875128173 0.6196135145954228 0.27283894252698676