0 0.4305948752922648 0.4410137746572117 0.0778780587895011 0.07602077201388041
0 0.2830085919685728 0.41289628779118875 0.09638439587655935 0.11296032599220086
0 0.36116323916574883 0.44336996312065347 0.05054006362512125 0.05540422015783852
0 0.4775555029564454 0.4710516299610044 0.03360117961418915 0.052118512333364356
0 0.6896834163621279 0.5205364393053941 0.04332852516358306 0.05502627944185502
0 0.5859821489447163 0.5079077505814259 0.053391753515003484 0.06514558501188429
0 0.7389919097131502 0.5494983517709249 0.06815071324010748 0.07311300490538973
4 0.6837330953718648 0.5729801238546954 0.053003204173319426 0.1082888355424539
3 0.6838187230360453 0.6005613645045956 0.09555463065353437 0.24960161604544814
4 0.35362244575687857 0.5388939080811939 0.08330485016159053 0.14105059840638773
4 0.5816849086947598 0.6215865219344736 0.10650691862233207 0.17583826670818434
4 0.7225634777599539 0.6601433757768207 0.1048867990065492 0.19253920954644627
3 0.3454922004807871 0.5960193046995264 0.1525291340568265 0.3916702779804094
4 0.41992911751318485 0.6239001635171532 0.17141739263087338 0.2823531572900978
3 0.583364322704895 0.6576442142421659 0.1641005210900212 0.3826847945583307
4 0.2509321406728956 0.5994565468108722 0.1740451606527376 0.2872868298364514
3 0.7230146354233375 0.7213154724612364 0.18171117070500742 0.40039357930588165
3 0.24056599064397155 0.6600617324213128 0.2817376108642071 0.6430356173671137
3 0.41225961538461536 0.6911057692307693 0.28125 0.6129807692307693