0 0.5039256951694872 0.40547468562057953 0.0842450424529256 0.06998734636681164
0 0.6744539016819447 0.3490954491580753 0.09531764762416291 0.08983429744157675
0 0.8097799651999628 0.3153055414572486 0.08202334886856104 0.07223714705965893
0 0.10843778932763967 0.4631130415708319 0.0761227411439793 0.05750597921458414
4 0.49538813341225235 0.2182361944231466 0.16761802362558215 0.25474312627424295
4 0.1044705537744605 0.3102681832211713 0.15709187616278975 0.2421077136610163
4 0.8006959457342833 0.13527858872135406 0.1879417082732409 0.2703985668853115
3 0.6413493520530965 0.21118931571400107 0.279801295893807 0.42237863142800214
3 0.4889052052286401 0.22880076519862516 0.2529588203119506 0.4576015303972503
4 0.6722902604482884 0.15666415200045253 0.12973880562307427 0.2283939828207971
3 0.799056572608949 0.18672100080926735 0.26246377785902497 0.3734420016185347
3 0.2721216013340752 0.2464498048456709 0.286430513896315 0.4928996096913418
3 0.11028505314326958 0.2742875136439784 0.22057010628653917 0.4668046054178385