0 0.2725360983977161 0.6685745239366745 0.11064393640952361 0.07340508138855029
0 0.2993228293608711 0.6128816088168947 0.12350363366845994 0.08584403294494135
0 0.3088942307692308 0.9663461538461539 0.19951923076923078 0.0625
0 0.30211284212683 0.4696009301907523 0.1355228644376907 0.08626375373210192
0 0.31152774671085304 0.8518697079368489 0.13037898553411617 0.08128817310954545
0 0.30686943448541204 0.26373630740717774 0.15458554037051883 0.0845314608377124
0 0.36165529602936997 0.7897627238511356 0.1341275780714914 0.10060288649774662
2 0.4772068847790466 0.4467987556797086 0.22955851105090266 0.12791517017605955
2 0.5104998343121152 0.6082074918229714 0.2882593785308573 0.14435290687750657
2 0.5308220900466221 0.2486646035081072 0.3371767680974859 0.15805102079537908
3 0.5721153846153846 0.9242788461538461 0.7355769230769231 0.1466346153846154
3 0.59676088591233 0.5979663555656566 0.7344332166911955 0.21508709338347196
3 0.5989955188353552 0.255864704302614 0.745225254392168 0.2322497930901234
2 0.6105121496100823 0.7803801259127942 0.3610471363380064 0.15648661621585364
3 0.606737167148492 0.43806861425617133 0.7349374965850188 0.22229863184501042
3 0.6206318141192904 0.7735043640809841 0.662485925373752 0.2149726148143555
2 0.6574519230769231 0.9387019230769231 0.45913461538461536 0.11778846153846154