0 0.38660317518337817 0.14958718050182412 0.09125048541315153 0.08191487991544491
4 0.5476480056642791 0.1133731237178369 0.14114597275498178 0.1458137755038351
0 0.5584926275460362 0.6502002085991438 0.03944076537341154 0.03477296262455809
0 0.5775320599108007 0.4919660311218147 0.029545601640348942 0.024877798891495627
0 0.6002158469867088 0.456537841828898 0.029685491199187935 0.029685491199187935
3 0.6216205400249452 0.17567253811570527 0.5570298548426202 0.32363971739995584
3 0.6454121722806405 0.5155940727198861 0.17496543212124996 0.06993987027205083
3 0.6398736728797079 0.6645975618686379 0.17991301398778112 0.07488745213858213
0 0.6463765148109244 0.7718484948324698 0.130131692551207 0.09745707330923417
4 0.667335815519061 0.42360555403216527 0.11685345575242514 0.053838118642905726
3 0.6779432888731101 0.4311318440010915 0.18740433156699757 0.0847126710922253
3 0.7684131104217221 0.794646447813634 0.4150188210810216 0.23064061250131665
4 0.8547067652322153 0.805577921411198 0.23566536532859644 0.17498392959350348