0 0.21175183840647244 0.37728953635516305 0.11673727925163288 0.11027489511529541
0 0.18987613436912393 0.8149364601925347 0.07094790277456625 0.06524257829760452
0 0.2585364905438337 0.7117139092710796 0.0705278784899269 0.05803103983606606
0 0.3420162393853696 0.5609041813972737 0.08777482585148934 0.06592822287200566
2 0.3965798303333118 0.4101209859014174 0.20761599173136724 0.18832029798144626
2 0.29247147446266986 0.8323694307100098 0.11475345738242601 0.1173884843519193
3 0.31425795221261 0.8513287945005433 0.33798371641857866 0.20322494074221106
2 0.34544868086038477 0.7501937998236834 0.13568803229264256 0.10625079660691866
3 0.3849602800335215 0.7337321412684685 0.35875457469302524 0.23045084223383447
2 0.429990344683964 0.6018368927161808 0.13977197558504598 0.13519489967798692
3 0.4539588021749857 0.6040183080422484 0.35481063949550173 0.20391058531661221
3 0.5322808384716299 0.45902229710322895 0.8033949875318934 0.370873755014418