0 0.7870381822718043 0.8779742738561114 0.21447953428599137 0.2174249288198125
0 0.785971405792962 0.673416574680378 0.17388332293388833 0.15189169330557398
0 0.712461294777818 0.5170555931614683 0.19652649810615067 0.1666924038448865
0 0.7111176683271688 0.15365523102377088 0.1302779055687756 0.14632873376541072
0 0.6991901609154337 0.3788973782513538 0.15023158797397956 0.1226679058431848
0 0.6351943545503337 0.28976017045875097 0.11573727533042771 0.11006124500425432
3 0.4852967133064766 0.8651903390388693 0.8660393952935699 0.26481162961456906
3 0.45670325937367434 0.6972148233044883 0.8350750419067818 0.3026857380064082
2 0.4389188764582148 0.477304859518258 0.3583741169208784 0.2151347939536901
4 0.4294792618492965 0.7037069705320712 0.4023662608645439 0.1918935589383925
3 0.4184356441678521 0.5113573189336861 0.7791647471592261 0.25849340284193506
3 0.3947262524831876 0.12723600899107484 0.7509909665048368 0.2544720179821497
2 0.33406704208557503 0.10115643856183361 0.4373648534019192 0.20231287712366722