2 0.46915839738559223 0.42423450927069284 0.1247644420081587 0.08094422294094983
2 0.4786945884854304 0.5102009489255371 0.1902977911767804 0.10598030476941635
2 0.4992358110529164 0.6316530590044565 0.16378553870505314 0.10219067599029767
2 0.49874460706111334 0.19346016769182 0.1881037793611928 0.11306586299229372
2 0.5220872338960443 0.34274547889796175 0.17601460381254247 0.11003211564514168
2 0.541551538563857 0.7494312989236337 0.18224691536220783 0.07675621020727928
2 0.5600957218272224 0.8154059771060997 0.30157416204789855 0.13581385728629114
3 0.5643900995801933 0.41959534408242394 0.4862506472175353 0.13109125874012323
3 0.5873994774354826 0.7458153080735804 0.5073956491462142 0.11539815781115063
3 0.5881045608751401 0.5147311267076967 0.6104555309903379 0.19280471245030384
3 0.596696497452815 0.6331494894394639 0.5379204776984362 0.174602228367392
2 0.5932033035914354 0.09127626291479014 0.41455493127866777 0.14173492850336547
3 0.6102472871879459 0.3329206806860171 0.5671163554416877 0.18813322200055688
3 0.6183387710376907 0.09620482465150151 0.7200532271553878 0.16494595727487085
3 0.6351395384420996 0.8012825183507495 0.6858840438920223 0.22796009984879964
3 0.6321580685995749 0.20045207093751422 0.6900622331849391 0.20657744494150657
0 0.3159803320345882 0.5173222828159091 0.047491641187984227 0.06489362453456196
1 0.3250032085797049 0.2072261289697552 0.06905631179318004 0.06362360052866621
0 0.34240775534530654 0.8088124578149573 0.06184477333164159 0.06324565981268265
0 0.349678399314271 0.4348254105338887 0.04686213817320856 0.043259009149946584
1 0.36536770844822813 0.6402861557587622 0.05421356619358601 0.048444642173622515
0 0.36798500203099727 0.7571876448169536 0.06142510465512448 0.04882258288960573
0 0.3652776756606882 0.35378753261575585 0.052369278275095965 0.06754943116573045