0 0.7188556893772182 0.7287038110770265 0.01817045428503132 0.030022806931741777
0 0.6789123255037344 0.7254677351084399 0.01817045428503132 0.030022806931741777
3 0.6781285989656711 0.7086408120315167 0.03712463510812551 0.07687253694040663
0 0.7611172717403681 0.7040435163294708 0.01794653241701328 0.02521511462404947
1 0.8669984634436079 0.6990512573739072 0.01817045428503132 0.030022806931741506
2 0.7180423156419793 0.6853505336588251 0.03472078895427936 0.07670444364246538
2 0.6783228736365132 0.6869221499979308 0.029129370108523907 0.059541333969660076
3 0.7174825109719342 0.6733313028895943 0.04769500158993431 0.14949220144961445
2 0.8353829334444047 0.6674985774443253 0.02901740917451489 0.057137487815814195
2 0.8663530311093821 0.6593037491864752 0.02946525291055097 0.06675287243119854
2 0.7637417258348846 0.6568323297335886 0.03712463510812551 0.07687253694040663
3 0.8331173814943961 0.6447460856317573 0.04299927021625102 0.15155986100757837
3 0.7607780750109934 0.6449811922622988 0.047806962523943335 0.1518960476034606
3 0.8641994400933826 0.6389551035277533 0.04791892345795235 0.15429989375730677