0 0.24037695630699446 0.2052902969458452 0.1482906231991937 0.18592127874722683
0 0.6896023825252129 0.2110885321029398 0.14082725226535905 0.17866778478224396
0 0.44914526065019716 0.2833865252550662 0.12282511098438675 0.1449160424536943
0 0.12572874159461522 0.32252015312686433 0.17548842830839018 0.20770973097780507
3 0.30475804077159546 0.35752895784844685 0.3060058673648444 0.5040820662916217
4 0.2888354066817727 0.46937772984136694 0.2093406971887848 0.2824107689286282
4 0.12791506827726024 0.5352045970709897 0.22680863911348023 0.23204188104037726
0 0.7462071947603142 0.5171873320195102 0.17928879072689724 0.1788915474672808
3 0.1438491909835144 0.5856224330465923 0.2876983819670288 0.7179544481448553
3 0.5064216261447552 0.5702545559408673 0.28323422726548514 0.7466887206484909
3 0.8097908097293105 0.6922625313836502 0.346566009762185 0.5644019828228123
4 0.8565780360330678 0.7977380736287703 0.23771372050203063 0.33785306731305254