0 0.07556134293771402 0.40201374982252874 0.049419726443589794 0.06077321691228668
0 0.6944937675347226 0.25642376738506795 0.09090056260202974 0.08983429744157675
0 0.036653208293002504 0.4370074230059346 0.05495477057489324 0.09233130783428468
2 0.6196408458019234 0.3502955298293422 0.08531157820854701 0.15908369952011833
2 0.4248184119988786 0.4097252349007571 0.1020266010049146 0.1553543254394188
2 0.34350726882019267 0.4329916267285677 0.0964356067333334 0.12139238836357463
2 0.541153174829167 0.39143672235 0.10683429331260705 0.15566241636141653
2 0.22197416763931666 0.4865210221625914 0.12891650981944464 0.17627959474117652
3 0.44488843333381445 0.44455056352045774 0.1667666164941243 0.3587246927336233
2 0.8608647132907055 0.37094867603713894 0.16564560381047036 0.2074364305023146
3 0.36916828442670985 0.5011627105801166 0.1734206634309833 0.4383597067325444
2 0.7092275850464748 0.4239997935798034 0.18264037730822671 0.21572628719084583
2 0.07254606499700904 0.5827643477439872 0.12237637304123948 0.20466361220433335
3 0.5669260907162397 0.4644154985092413 0.19785077595138922 0.456727084419457
3 0.2564123206961009 0.569777946900644 0.254873691838462 0.5347893607916637
3 0.1103661867234514 0.6561748196751567 0.2047306333274578 0.6491888221881482
3 0.8677884615384616 0.47596153846153844 0.25961538461538464 0.6490384615384616
3 0.7264201939133018 0.5420659054291943 0.2772936190650647 0.6730409552488863
0 0.32405068915021396 0.3210891757247912 0.056463414484294955 0.05402381483374523
0 0.19963816562313066 0.35433992431212147 0.07848968085085471 0.0722371470596588
0 0.4008898408628742 0.31255395174205536 0.06647045008162394 0.07146691975466404
0 0.8222323095911861 0.21092271983700844 0.10560339022649583 0.10277780097680128
0 0.5219483707904383 0.2903515790385312 0.07139004266987187 0.0765827029843543