0 0.14332100049070629 0.6572190124797684 0.137018834037065 0.125952870971406
0 0.7476427303307462 0.7808358479995474 0.10096114172937257 0.12364218905642205
0 0.9153722452500203 0.8143015232700138 0.10856512867594038 0.12891201774711109
0 0.35880872286737914 0.6459197420847894 0.100176244759314 0.11402680444103716
2 0.7677571037510802 0.6171270998381483 0.15482648159439558 0.2562226996620953
2 0.276906902114179 0.4481738765227027 0.13937312821507525 0.27197130451202567
2 0.9194711538461539 0.59375 0.15625 0.32211538461538464
2 0.3725947652835735 0.4339800253854681 0.16341158975353665 0.2735117591220153
2 0.15985457903427183 0.36176086223982773 0.29890938836198866 0.46871403217196317
3 0.2849281135336941 0.3853192034812739 0.26535305923115116 0.6435177383365994
3 0.7757539359148431 0.510032341142064 0.3231432806786334 0.7070028923247302
3 0.18938751772922702 0.3720228693102767 0.37877503545845403 0.7440457386205535
3 0.8701923076923077 0.5120192307692307 0.2548076923076923 0.7836538461538461
3 0.4012448932532956 0.37483858491637656 0.3409513249681297 0.7201004413209536