0 0.6064344134874405 0.8920939260004597 0.10822183543458135 0.093644666920686
0 0.49315851442856773 0.6539649207838103 0.08202490722845837 0.06608274988828838
0 0.45837568459897204 0.4593060488619287 0.06259791375517446 0.06278321626237006
0 0.4288913060494383 0.3179796360606986 0.0488126648033116 0.040588796207709714
0 0.4114755118788883 0.2652892953469252 0.049401337530855634 0.04780033466924817
0 0.389521784142583 0.19429020614428316 0.03458581212274936 0.04232087675750174
0 0.38473827272455985 0.09030903639184897 0.04062000512919976 0.02823368263645188
2 0.3449519230769231 0.9266826923076923 0.3581730769230769 0.14182692307692307
2 0.317676753367384 0.3502010094149085 0.15011749650620937 0.0788330406559253
2 0.3146588633998272 0.10634891900336137 0.10267840140050037 0.055071167525138694
3 0.33533653846153844 0.9026442307692307 0.6706730769230769 0.18990384615384615
2 0.3059032988165038 0.4944317786456777 0.18995260466535044 0.09745133867699256
2 0.30293456409261704 0.27953780301429343 0.14692875338230452 0.06910569510653165
3 0.2911613079078198 0.4828867248823115 0.41704233333830687 0.1511329363090614
2 0.29280384288302785 0.21150236463554256 0.1219091706312696 0.05596685499721082
2 0.2857901155926672 0.6817078567776598 0.2520110009366511 0.12428882356567947
3 0.2802710608143385 0.6754183390580218 0.5099582811245781 0.174618221032173
3 0.2785030589708775 0.10587142807014928 0.23685218228718552 0.08526748043409588
3 0.2737942722487742 0.3409181936742034 0.3701919109601419 0.13458260163981323
3 0.2692807179387709 0.27797034993816727 0.3353607193512077 0.11859207164061016
3 0.2703597529065187 0.20563104345476463 0.30273714965360504 0.10030965642156996