0 0.3289526790260815 0.3621085225758467 0.06048775179944039 0.03715404852584023
0 0.3054604995592974 0.5138189921874688 0.07024299282671297 0.04973331167459021
0 0.2812838657395759 0.7100706196926848 0.07270278154531436 0.054681012077162125
0 0.3483241467340529 0.47644307724886387 0.09917306051999966 0.05862494727468592
0 0.3061195088257992 0.7771801541285026 0.09928494564951015 0.06824033189007067
0 0.3738154308255219 0.3931722189744172 0.09190557949370597 0.05339723068235426
0 0.3554386277725837 0.5710449800885875 0.0896136184693703 0.06287260720285914
0 0.3506177918890166 0.6735584618642485 0.09447725334181784 0.06796031570031093
0 0.32421912525090346 0.8855750974643442 0.09456116718895057 0.07517185416184938
0 0.4271467446628649 0.32511819068577624 0.1016887918033563 0.06838033998495027
0 0.3825679160137708 0.8352698991397898 0.0800821477011184 0.06952411328487838
0 0.4175199006022336 0.6347824659768458 0.09447725334181784 0.06796031570031093
0 0.43912570263915734 0.5276831583062572 0.08723774359790162 0.06513644526182542
0 0.41636077651419107 0.7418936279178794 0.10663634052293657 0.0806795869439405
0 0.47180055390978726 0.44158842959332506 0.11619578257356594 0.07643192701576727
4 0.5844219067962177 0.9209349924480985 0.26783388924251683 0.10207936007011562
3 0.5985652708955187 0.8960564823403583 0.6722394687362228 0.17367764308683975
3 0.6814903846153846 0.35336538461538464 0.6322115384615384 0.2548076923076923
4 0.701786588772445 0.36083996017717507 0.3308094010429362 0.14658495515237432
3 0.6583660421460795 0.6604451180273305 0.6394807036184602 0.2486406066816001
4 0.6620557252239816 0.6674466443465493 0.3162464677079714 0.133725675813865
3 0.634343250379435 0.8699178993787003 0.6199142789991595 0.21867438807640782
3 0.6608966011359391 0.774557806287583 0.5957919036135653 0.21006276866607174
3 0.6993564554668493 0.5654468994438576 0.5863163754100689 0.22152196705578356
3 0.7139423076923077 0.4675480769230769 0.5673076923076923 0.2283653846153846
4 0.7234360318635632 0.46421719906300474 0.3381328246339852 0.15662036405239826
4 0.6801553416490858 0.775841587682391 0.3355891220682511 0.14446112518828777
4 0.719761176492164 0.5618529844835335 0.2874003138618175 0.1320455786753076
4 0.6728747170469174 0.8736873852452394 0.330837372325314 0.14898880130622033
0 0.26433022982663956 0.596797980001711 0.09196152205846121 0.05820492299004643