0 0.3511180910081703 0.8286548336666635 0.13252443975720332 0.14737582927879947
0 0.3671703689741523 0.28999051027181044 0.15116759988594808 0.13066078754439486
3 0.3872444093180528 0.41730345283486037 0.36463677704534747 0.18717994385055847
0 0.40347611516473003 0.5722885965027709 0.17073414574644566 0.14038805350229785
3 0.5828029974821334 0.2682991528607864 0.6182158414032428 0.22230223262495827
3 0.6382211538461539 0.7956730769230769 0.71875 0.25961538461538464
3 0.6538461538461539 0.5661057692307693 0.6875 0.3004807692307692
4 0.6954824049830688 0.809821039008317 0.4495268898468518 0.2093040401086918
4 0.6855388009167773 0.249668944490904 0.381715532594567 0.1944893784868006
4 0.7487980769230769 0.5612980769230769 0.49759615384615385 0.25240384615384615
0 0.2681700805452361 0.41559187248784657 0.08251680105934238 0.0918076643840422