0 0.7634888452789524 0.6443924390749921 0.10571529050705117 0.10577585862392606
0 0.7315485129769228 0.20733696888368058 0.06624664952051298 0.06071525291055097
0 0.6760622160693907 0.3166526744893285 0.0661347492399571 0.05590756060285866
0 0.6122733529649035 0.47250749729294933 0.08307357259743607 0.06149897944861411
2 0.5749827476930016 0.6271900442168232 0.19382035597329078 0.17711414455594257
2 0.6270651304950319 0.19886089902351933 0.10582719078760679 0.11058355093161823
3 0.6034183199385149 0.18091436660650617 0.32591999415427364 0.17846430361874596
2 0.5853874639065703 0.2835520051508322 0.1271261053305556 0.09716812241462243
3 0.547596322189316 0.30465314913523095 0.34576621492809845 0.20580229878312575
2 0.5179928315713138 0.4392388865534395 0.12785345715416668 0.1284181224146225
3 0.4951283180396364 0.439377180757277 0.34280286737147453 0.18165187631065513
3 0.4350850995166128 0.5893903295772961 0.7900881122857909 0.31294157217924534