0 0.3237056869705243 0.7519781904674676 0.08474996276846639 0.10772748567895309
4 0.7758323501820652 0.49990100070384547 0.209150203262729 0.4206770966792736
4 0.3058664419373273 0.5132430992819976 0.15313451299789804 0.2943902434528847
3 0.7521015623355292 0.45882186491784166 0.4284891830212493 0.9176437298356833
0 0.5864599404051813 0.41297490793963626 0.03390557917451244 0.04405253273311967
0 0.5046942082548751 0.42088682809369615 0.024220268720053895 0.0318095014027778
3 0.2617658950382656 0.4505762538002134 0.3601326031274473 0.7582806207611115
4 0.5820718031319329 0.3409714236048072 0.06547723803425279 0.10006834609519243
4 0.4894607929536894 0.3539428116978094 0.05581989791542382 0.09263300707254274
3 0.48475099682070066 0.33722778890144195 0.0998303425788388 0.22104395575138888
3 0.5762230171771876 0.3134670681862709 0.09767822944565893 0.264257236380342
0 0.759612179194787 0.809130932314743 0.14054189034826065 0.19555280044380352