0 0.5160639464605427 0.565172542525694 0.0409829379306553 0.036952894552136684
0 0.33244712562955875 0.582645907032959 0.04836256969013501 0.039524591126816395
0 0.27072881546162897 0.5900822509946579 0.07218239794798514 0.07127814238931626
0 0.4162202844269567 0.5686963964241449 0.04372297068038382 0.041816537000106936
0 0.6293303623045238 0.5241372976113776 0.055910294747555704 0.04450013385534199
2 0.5007916064063551 0.4575309919352559 0.0866724882036626 0.14121348141196594
2 0.3170907389264006 0.47620627951944416 0.07314041775296154 0.11929911532596166
2 0.3998300679448166 0.45988089782692276 0.0832600822621695 0.12673445434861108
2 0.6252955631874967 0.41023435600507424 0.09148018051135463 0.14132538169252143
3 0.484561246547191 0.39791041428146323 0.15603024678650876 0.37802130757500013
2 0.24361357461111688 0.4287178378544869 0.11921669460452122 0.19476949847991476
3 0.39302172941176095 0.3856414177590809 0.1638636184571414 0.4214024386247864
3 0.6248582966262739 0.34784625628562976 0.17141134351456208 0.42637798135331206
3 0.24074719190471264 0.3495867402685361 0.2002234307279758 0.5638448132447652