0 0.6724390725075965 0.2594398081549831 0.14416620319731985 0.15923900542942976
0 0.31782518269585797 0.30442723459210236 0.08145127651418377 0.1138198065770058
3 0.9266826923076923 0.4795673076923077 0.14182692307692307 0.90625
2 0.9350961538461539 0.484375 0.125 0.4735576923076923
3 0.45505565533691256 0.5235028381639266 0.2538041142630003 0.8995518953128738
2 0.4576135469517577 0.5257245317482913 0.21365544535309766 0.49701667220367657
2 0.1472397427946745 0.5637363664192322 0.20074422483459792 0.4075279068029243
2 0.31476918686997907 0.5582883013018012 0.14465693778572913 0.2788848554132927
3 0.1464999561007483 0.5710389811655114 0.23630012811994425 0.8503820568190613
2 0.696117333787661 0.5535466568621737 0.14434884686373112 0.2740771631056004
2 0.8093291712099285 0.548591255327309 0.14425568262486949 0.3099527028438111
3 0.815184741133545 0.5457320277497589 0.23291112797796715 0.7974974414344458
3 0.6959167062072311 0.5692627331469146 0.24563970483005557 0.7721480491590277
3 0.3245529160490689 0.616727150647328 0.17811708583922717 0.7263645451676405
0 0.9507211538461539 0.11298076923076923 0.09375 0.16826923076923078
0 0.47757533099071525 0.17758493870544056 0.147247112417299 0.20731592850635286
0 0.14242327860124432 0.22472091381747653 0.13347250035494257 0.14168347207458035
0 0.7737714255189262 0.2010354021517653 0.11193104920918902 0.1041685592110355