0 0.649474166615332 0.8706146200045086 0.038909139583760646 0.020797956829400624
0 0.6133265194629278 0.5557373062286121 0.03169760112222219 0.020504109154657064
0 0.6073189139564108 0.6587598685567961 0.02940565524893165 0.025213852237434945
3 0.5772189066492529 0.8616665278724598 0.1739161751810898 0.04311003650153248
2 0.5544882388339748 0.5557413963720543 0.0992850441313034 0.03526591822149236
2 0.5519465272075326 0.6529012671529946 0.08240217091410265 0.03217642749324494
3 0.5460468022253744 0.5541966510079306 0.16430079056570518 0.04271823960187477
3 0.5375514253545945 0.653515494880431 0.18135151420373935 0.05301926879166038
2 0.45598750160560947 0.6057630419996431 0.09218540595032056 0.03977976285444139
3 0.44396827083637874 0.6052732958750708 0.19325884469241464 0.04870132260854048
0 0.4311117978410796 0.6719932928332765 0.03432524783717957 0.030217442994956108
2 0.3686117978410796 0.6694466129855008 0.09699309825801286 0.039975661304270244
3 0.34940900368044925 0.6698649422631083 0.19325884469241464 0.04870132260854048