3 0.42303102232713713 0.4976737594627062 0.18029047141655988 0.11061362725905391
0 0.5876025191427885 0.07350513296410104 0.05897916091869659 0.057639242936408305
0 0.5930566528808229 0.25614846604395153 0.058923210778418916 0.05523539678256213
0 0.6296148816338677 0.12111884229440156 0.04170463671955132 0.03772282913123792
4 0.7104504486201925 0.07932703018577186 0.1684390910681624 0.11733541959602
4 0.6736414491749467 0.2552710131631636 0.11985861672873946 0.09374181971311561
4 0.5747571004770305 0.7104488567429249 0.15390411386452987 0.11194003193884108
4 0.7129671999936433 0.13576844018869924 0.12175891162008576 0.07220515355341472
4 0.6543577446210473 0.4088457615690817 0.15407196428536343 0.11915157040037955
3 0.7394934328963677 0.13829676794540954 0.25257370645277777 0.12076364246802572
3 0.7183643786523507 0.264276260194554 0.2966262391858976 0.1561805746703319
3 0.7661025860704596 0.09515500605498796 0.4296210796113248 0.19031001210997592
3 0.6325892835200327 0.7141076907295936 0.3427469172311967 0.1772723791744758
3 0.7100098820713144 0.42221792939604935 0.33542347848910264 0.17217083919204007