4 0.5286553901972263 0.15967523048967064 0.13489775149936525 0.0838519900494405
4 0.6007059783492311 0.6769328627826235 0.11233975038299676 0.056275860209182474
4 0.6013088546570978 0.7285525649709853 0.09319292530965975 0.05767186445373932
4 0.5662508331609697 0.549156186722436 0.12220696747067777 0.06399131962536558
3 0.5558876102063173 0.7333704788979618 0.2913995839716615 0.09925224402395418
3 0.533566174356403 0.6782131084078034 0.3445360318285732 0.10923534773603795
3 0.5100122810178813 0.5534071895754373 0.33508853552805273 0.11353911908908575
4 0.4682578236718389 0.3196723123880273 0.28173078961052905 0.16593003513834065
4 0.4823642207098401 0.44878200257344114 0.29416974116692035 0.17857916710087723
3 0.4380380288950873 0.21011345283967764 0.44161326371417226 0.14071686497479205
3 0.4170139488959596 0.4669521613948747 0.8106914220257994 0.2656350920205187
3 0.3996222920510754 0.31247610635541506 0.7891712852103004 0.3364906742492917
0 0.7235539137182816 0.31265651549774814 0.08665294010757799 0.07652469296852506
0 0.7217834782839865 0.4337357956703261 0.09171246488756643 0.08398819190738585