0 0.2311113958177196 0.17094854208139454 0.10435278328610555 0.11229725399532911
0 0.31388233221925615 0.3297012031697954 0.08095444456023387 0.0782657742252475
0 0.330842006748108 0.5845718344135269 0.07045719827422126 0.06127101398555313
0 0.3835632058229421 0.46781137549703966 0.07323898514405076 0.06852451173778434
4 0.4949045715474908 0.16354483328837513 0.38822792505942133 0.25894949550192775
4 0.483932279162295 0.5728341520947912 0.2156855877949956 0.12865045829027627
3 0.5275164605281786 0.5795990347118776 0.5023629596767095 0.19129396228433804
4 0.5544559179618633 0.3375029014698476 0.29412042758200635 0.1588393094386008
4 0.559553006817998 0.457674229516809 0.2645183923038857 0.14391272102720976
3 0.5841346153846154 0.17908653846153846 0.8269230769230769 0.3389423076923077
3 0.6007333420300356 0.46439715284320243 0.5301910499942899 0.21819782217426684
3 0.6292900993277469 0.34481325486594083 0.7226145009213594 0.26958952921592344