0 0.4909863721910102 0.25905087196524534 0.0622644420081587 0.07837036729420464
0 0.43710966806773033 0.24837331063123036 0.08954608705350034 0.10891102121134698
0 0.7694385810142298 0.3732280370559693 0.05979065107489298 0.07581247567935961
0 0.8360817979174369 0.40037784842547847 0.06982570436679471 0.09085173444643228
0 0.6790145711273211 0.37706671688389304 0.06728196865410943 0.08588999667774097
0 0.5783328117834606 0.36098142290655233 0.07710718760775273 0.09371771698327531
0 0.9089223539805994 0.4628455654087538 0.08459850518696918 0.10379523798165681
4 0.6546299987824263 0.5115746381577096 0.1073522370422965 0.1436431855921859
4 0.5456396950692337 0.4913444158361034 0.11024569665207934 0.16062415413010783
4 0.7919068981064169 0.5528841752420727 0.11596267109222516 0.19218224505210585
4 0.3851065886071877 0.4629945237953272 0.16380403617730707 0.26962833958031673
3 0.3574402472750386 0.5033673314166462 0.2639375085767362 0.6599434062526627
4 0.8697778426423217 0.6493908520316916 0.1271168408548391 0.24568304228071697
0 0.739397730272482 0.619360759022633 0.07958097854101819 0.09627560859812033
0 0.6256347066413066 0.5976205227021057 0.08445861562813005 0.09898754567396449
0 0.534113690846604 0.5977764105687609 0.08721218567907375 0.11116082190419427
0 0.47020193343142236 0.6009057443138269 0.10452872221193352 0.1290660632081101
3 0.8521634615384616 0.6959134615384616 0.25721153846153844 0.6033653846153846
3 0.5949519230769231 0.7680288461538461 0.18990384615384615 0.45913461538461536
3 0.7127403846153846 0.7752403846153846 0.23798076923076922 0.44471153846153844