0 0.8190028419312164 0.16445906174202057 0.1957792076250849 0.21520244746042627
0 0.8358755766698428 0.5365844423606513 0.1284272941915559 0.12652931303140028
0 0.8307511102999647 0.8782667828026873 0.1638997046103094 0.19138261920257613
0 0.7039844253611545 0.3093710008059593 0.10375932963831885 0.10321376466737374
0 0.7443967594461789 0.7831050230865579 0.1227103197514101 0.09494312643551804
2 0.47375986844569046 0.564255063054097 0.4425103004646218 0.28523257923503703
3 0.4579326923076923 0.20870446556547773 0.9158653846153846 0.41740893113095545
3 0.4539936740972814 0.5705673583682944 0.9079873481945628 0.4344039475058196
3 0.4699519230769231 0.8629807692307693 0.90625 0.2692307692307692
2 0.4525871203086309 0.7952176571126042 0.3317492667030232 0.18872607313537826
2 0.38823762876360973 0.19214671575183642 0.4511207345145504 0.33381378220578345
3 0.38648539618745753 0.3625676527280017 0.7729707923749151 0.3212891516098495
3 0.4060666845832576 0.7955456070335212 0.8121333691665152 0.323138177887202
2 0.36778846153846156 0.9014423076923077 0.4951923076923077 0.19230769230769232