0 0.5034602871605879 0.5087393416123742 0.07079057342928617 0.07287060923957994
0 0.5070908323792751 0.5821685344341924 0.07059434918677163 0.07046676308573378
0 0.47589018598902805 0.6696292062258009 0.06819050303292548 0.0704387918033563
0 0.42602187364330635 0.4404666400626545 0.07540204149446393 0.07052270565048903
0 0.46782041442409156 0.7537498359692274 0.06819050303292548 0.0704387918033563
4 0.2932220591863896 0.5640401046613964 0.28159289650919345 0.15457509131859973
4 0.29766207899697056 0.6422909754320957 0.24739953287147343 0.1181537723399985
4 0.30310779764195994 0.7229596779978299 0.26196967879339483 0.14954362875188648
4 0.23636340697564492 0.4647271877295088 0.22095722517916572 0.11784608823384482
3 0.2781600632786426 0.5647665159379003 0.5563201265572852 0.27124806982321314
3 0.2805518189876542 0.6515287477353826 0.5611036379753084 0.237454367257479
4 0.28804728947983466 0.8190296103045434 0.24636925641522994 0.13495272413454382
3 0.2611004462586181 0.7416030502986695 0.5222008925172362 0.22965543186601067
3 0.23727000185838154 0.4680672297776907 0.4745400037167631 0.2534421518630738
3 0.2560108055811128 0.8210278728639141 0.5120216111622256 0.2269718728883886