4 0.13081302168005882 0.2519516261873217 0.247989341255267 0.5022207780760679
0 0.7728365384615384 0.9423076923076923 0.12259615384615384 0.11057692307692307
0 0.43298978337972815 0.8135166749079764 0.12328142706907891 0.12851423519188016
0 0.6232712290645738 0.7652272624525629 0.11606988860754032 0.12788330732991435
0 0.300303550567636 0.6768445094616091 0.1184457644257569 0.1232859243095438
0 0.09014881928768989 0.6271924468209401 0.12811708971240077 0.1337425460742162
4 0.8367458349902351 0.6576377113036309 0.2139019548991619 0.42475721728433
3 0.8473557692307693 0.5480769230769231 0.29086538461538464 0.8990384615384616
2 0.4733253343284493 0.49476623888974264 0.22590720050057803 0.4234049175670936
3 0.4975456030485032 0.465619331762962 0.25971648621068594 0.8660427844561249
4 0.6742772434435473 0.4726636028426625 0.21381804389227346 0.4103341403612531
3 0.6779529385133904 0.46095983600441465 0.23525846963778052 0.791824306967521
3 0.32362337867393437 0.389073831509045 0.24217631957520822 0.7419744655987175
3 0.12259615384615384 0.3604853890380339 0.24519230769230768 0.7209707780760678
4 0.3166985361525993 0.339164057493233 0.20441243679411075 0.44555059551965775