3 0.20750639235403762 0.5252885313475869 0.3089741720727043 0.7637394064104507
3 0.359877887733765 0.5087754731913474 0.27844964659883714 0.6674177382428271
4 0.22580797389738716 0.5408086425889761 0.21820998875862158 0.3834422332292406
3 0.6679539123344855 0.46010337912714605 0.2772328271687451 0.5977061997812885
3 0.8365384615384616 0.43028846153846156 0.32211538461538464 0.8125
3 0.5159600505709937 0.498251052668001 0.2846541620837476 0.6097673860539636
4 0.8324914960008686 0.45193385667029407 0.2187974188283213 0.4170960793830866
4 0.352807123497474 0.5857474982017761 0.23765055444285507 0.39557334534098965
2 0.5267083360350847 0.5630989581505881 0.20830088910838723 0.3665593694810582
2 0.6885903178034647 0.5405203439384738 0.18919599774969653 0.37365902660007844
0 0.49984097589822024 0.12571083949310635 0.10268186937994464 0.09914506935591373
0 0.7527544168325578 0.08457194275018379 0.11444934440501833 0.08479191827191081
0 0.16464521166192933 0.2045918399102548 0.09758046203740237 0.08229017594336109
0 0.31551498563770647 0.23977545922952231 0.09766438061878802 0.0870978682510534
0 0.6214179401833915 0.20433850417928962 0.09509269730217057 0.07746849846785399
0 0.46349838161666984 0.24732883294737387 0.09517661588355636 0.08227619077554629