0 0.5928659990782695 0.2770246522303532 0.17283114685857248 0.14610484515006894
0 0.6395427911749259 0.8635770994100036 0.0976253296066232 0.07798598565342593
1 0.501422129843024 0.15898529121580723 0.11685609883739244 0.07820975591244689
0 0.5598000321876359 0.5204284819811221 0.09463281072523316 0.07074647590950998
1 0.620115599335559 0.9203471968491642 0.11582582238114916 0.0950087077069922
2 0.3901080764771322 0.534433673799163 0.2517656214504662 0.14222020516083766
3 0.36386258812558786 0.3602946840572049 0.6943670550236819 0.3274875549625133
2 0.38591303942057026 0.704114612263149 0.2399426149237501 0.1444841949027957
3 0.4185114363980892 0.9118654912353867 0.6143047869525359 0.1704543590559404
2 0.4165000387292723 0.9167011548254566 0.31063527459786194 0.15731459286097704
3 0.3270929382490104 0.5435883743206311 0.577413042431115 0.18923758776866798
3 0.3412456613319017 0.7022282348332884 0.5479290606137469 0.21050857648237445
2 0.2478649207576763 0.3099126563800713 0.4682584475632989 0.2936362257013958