0 0.1971153846153846 0.2650125029673164 0.14903846153846154 0.1417623570434737
0 0.7259615384615384 0.34049750154754616 0.1346153846153846 0.15766500735440303
3 0.5973557692307693 0.3475370106340672 0.19471153846153846 0.3754584515716847
0 0.4423076923076923 0.34545371209926906 0.1466346153846154 0.18006985004401316
3 0.7163461538461539 0.5586617603146189 0.23798076923076922 0.630635116023512
3 0.18389423076923078 0.5831674453105029 0.2764423076923077 0.7821383049379569
3 0.4098557692307692 0.6143602488996781 0.31490384615384615 0.736526109237017
4 0.1658653846153846 0.6107650939603028 0.21875 0.4611335215662896
4 0.71875 0.6642769456228508 0.20432692307692307 0.39290155649260355
4 0.4014423076923077 0.7002359464747129 0.2620192307692308 0.5240024937104247
0 0.6165865384615384 0.22851618540761406 0.09375 0.08773854220972847