0 0.0678248633746314 0.6097857798459366 0.09917871433386159 0.10495983766171225
0 0.3271505071687774 0.5140339004770357 0.07073272837725661 0.07805597777178332
0 0.5253588072010514 0.4961701617171466 0.06687166166755777 0.0587832492503212
0 0.6708646444181917 0.4768256811986537 0.044326283435534464 0.0463863848648551
0 0.725861945727138 0.4638623663888342 0.05190212703603637 0.051319955044625803
0 0.8015651681979991 0.4469366283773564 0.04341552058812681 0.03436715409562433
0 0.9045662476744205 0.449940071185257 0.03176059495785921 0.03896504994985232
2 0.08354120012552366 0.34449645417147934 0.1670824002510473 0.34672910963919096
2 0.6625988921069028 0.3641386270027342 0.0878522310919715 0.14557346653293982
2 0.9027282100125885 0.379152487518874 0.060535023302841426 0.10188464285678069
3 0.11658653846153846 0.3329326923076923 0.23317307692307693 0.6658653846153846
2 0.5213915716478723 0.3425967432604961 0.1101795940039274 0.186774525473867
2 0.7353518107154728 0.35446638674348774 0.07823684647658688 0.14540562937016852
3 0.5357056409109155 0.3279428902386086 0.17760055219648324 0.41121336288610877
2 0.8029327318773875 0.3496857573733193 0.06439609001254026 0.1211573713782428
2 0.3416137050672698 0.3073241108916128 0.13877186977942843 0.24729027222694927
3 0.34798762559084834 0.30241152035718843 0.20615696522139848 0.5029371503484982
3 0.9113790376546868 0.34419182006137267 0.09939956847048191 0.23459969280663315
3 0.6790987922037248 0.3206386201346929 0.15731273029941034 0.36524657092818213
3 0.7438204857880895 0.3219095654398326 0.1403395174035912 0.33134096903017896
3 0.8141874896181063 0.32788330482593264 0.11855861220008006 0.2973514485507901