0 0.23434824417772643 0.3535561992137119 0.06227870193938811 0.06459860393580204
0 0.5679524897448754 0.3459516957872865 0.08416514979629976 0.07256563981422942
0 0.4229242510185014 0.3637515848028998 0.0713904216101802 0.0505113036424536
0 0.7285484891866912 0.3647971081813902 0.11617064721318854 0.09529152924546179
0 0.3230921291434857 0.43126530796536194 0.10250306770700025 0.11642247968548479
2 0.24377664373359426 0.4970887103121506 0.09258244087357173 0.1760989127444782
2 0.43313485286413184 0.5193452987492854 0.1293116864407208 0.1965888443367286
2 0.570531832341807 0.5133128080306065 0.1323870858540235 0.21590355772492992
3 0.24482211616268487 0.5705319342406063 0.14246038474587389 0.5043650961864685
2 0.7414262073254958 0.5818567873657167 0.1443529068775067 0.2835470266623507
3 0.5700396050642461 0.5963294444957309 0.20806631857086116 0.5954899519720104
3 0.4492596882699139 0.6089591597010497 0.17125312884627994 0.5725961742259137
2 0.322260295697386 0.6273886298974036 0.15612030517444106 0.27675520898797257
3 0.7427884615384616 0.6502403846153846 0.23076923076923078 0.6947115384615384
3 0.33413461538461536 0.6790865384615384 0.22115384615384615 0.6370192307692307