0 0.7571236539319562 0.882923822522738 0.11218899514456929 0.10296540742884239
0 0.6937850038594445 0.5989720385507064 0.08928103983606607 0.07083386440461253
0 0.6324277805197294 0.3931942291911319 0.14083925054089427 0.09933310582012347
0 0.638010886339853 0.5302134599603627 0.1310279674756808 0.09413361661277346
0 0.6086811751387146 0.07632730839555467 0.11729053512700502 0.11037284434020986
2 0.4897580101180037 0.8805750326420879 0.3463864487858058 0.19650314840524502
3 0.43167390552603824 0.8733104294246501 0.7900654302423005 0.24817965194334973
2 0.37847918900175964 0.39511441088114474 0.36080952570888275 0.1970908437547316
3 0.38412962152540575 0.622424796256978 0.7128566859313644 0.12024117519591607
2 0.3741265301538056 0.554209028547106 0.35713233963114877 0.16574289452981716
3 0.3615543166999221 0.3933962093016997 0.6975438856971731 0.21561142755044665
3 0.34217054197104235 0.13341346153846154 0.683557490142769 0.2668269230769231
3 0.36321127323658337 0.5522459539053748 0.682631062649524 0.20300450143172918
2 0.28447823427873464 0.1285833269962617 0.44739287171635933 0.2571666539925234