0 0.3808665127146369 0.6232447219587747 0.09512556100598847 0.07636990010772685
0 0.33147535834743036 0.27854636794704574 0.08235044880479087 0.06138701851460509
0 0.34348436749737693 0.32377160113408665 0.10233709946752707 0.07670578290975404
0 0.31429093779309214 0.18054848030939852 0.09246975437482013 0.07145024686602572
0 0.39841699196204894 0.4983270356956077 0.09259573461348115 0.07385409301987195
0 0.4405745042255231 0.6590191980040969 0.07766873673575958 0.06356694280043321
0 0.5055157864504894 0.7716607705054916 0.09019188845963501 0.07374213208586292
4 0.5563523927550482 0.592179054847574 0.20872600981077932 0.13921241076444935
4 0.5094178530417343 0.29435570083584495 0.20556628222496634 0.12467737290736339
4 0.48509510576447235 0.1521105812200619 0.21859335490348628 0.14446794680817762
4 0.5691581698140985 0.46868721352934806 0.2154336273176733 0.12993290895109164
4 0.5561464295645048 0.381338692182995 0.20708826670818434 0.10796241076444921
4 0.6402775945431036 0.6762247286406613 0.21518166684035095 0.12512521664339935
4 0.6577190863844061 0.7561377896574578 0.21189595901587666 0.10818633263246724
3 0.5705269596068194 0.2878949277878459 0.5665109243985887 0.19424416745932144
3 0.6374532607925117 0.5763531523220368 0.6292526632566269 0.2475239600403159
3 0.6045434140477227 0.3622165699588872 0.5136263090139732 0.19178102691112314
3 0.5598084177013369 0.12935304256800884 0.5916832080850006 0.2169983921840269
3 0.6355210103318321 0.4475234612232496 0.5875054169706141 0.22879370108523964
3 0.7033496164267208 0.6612385331201917 0.5305792123295574 0.19496859960303242