0 0.2609742246061265 0.6126221417249125 0.09765543246581182 0.07903718225568444
0 0.3628483733775646 0.277942488040129 0.08197049981880333 0.06352118991571808
0 0.35514157304401767 0.3245442591859066 0.1046566616400284 0.07717979381028305
0 0.389394745667949 0.18195286308047157 0.09483096773732178 0.07404733737851063
0 0.3308497603127502 0.5053971098081058 0.09483096773732178 0.07404733737851069
0 0.3007134194875368 0.6700785027218601 0.07977696295227912 0.06574288350008271
0 0.31250872036467386 0.798010875208858 0.09242712158347562 0.07386518480902883
4 0.4350280508222947 0.6560584325048852 0.21045531370997125 0.14011866326697076
4 0.5185884008552001 0.3647570172493661 0.20699992111951543 0.1279172799282584
4 0.5562370334225787 0.22484269615199953 0.22070162618732164 0.14805881200643556
4 0.49889397114430295 0.5483780191643745 0.21703592430954394 0.13345358251387707
4 0.5244939516417387 0.46320570189702476 0.207931602262108 0.11127250942081691
4 0.4750532883339758 0.7655617909484883 0.21661530573490004 0.12864589020618447
4 0.4582873879496454 0.8465639499013312 0.21273929456980029 0.11163681455978008
3 0.5774226989774223 0.3837339084094824 0.5715727206555552 0.20091324227357163
3 0.5145053505395312 0.6741797743517487 0.6360853695354698 0.2559478257413801
3 0.5763869532367529 0.46471813598703243 0.5186881052709398 0.1969058857449769
3 0.6340465694915959 0.23436842389092 0.5975039657799142 0.2243693833530028
3 0.5683952003185195 0.5560642898331863 0.5913439737549855 0.2358421564137889
3 0.5392210519821952 0.7788933718629524 0.5357253376351849 0.20058479988519415