0 0.30154675386552426 0.7984224662806502 0.11292664335572158 0.14234767632067666
0 0.39951701610351686 0.7578767949112177 0.11537244880026055 0.14491961577246407
0 0.8037617832112527 0.7524736593186463 0.08092137612325044 0.09689323267821127
0 0.7275580975221312 0.7301243674345611 0.08096333541394347 0.09929707883205743
0 0.5382687443755085 0.7096658451690937 0.07868536713217586 0.10634052399565465
0 0.6165825611836263 0.7150201206783146 0.07864340784148283 0.10393667784180849
0 0.14845313748302716 0.6454667589404325 0.08855250749171743 0.12143597411049602
4 0.4238674425533605 0.5672417989079717 0.10756131368466762 0.2476126271960841
4 0.32725204420189324 0.5475232231333091 0.17090049949852434 0.30005997601947654
4 0.8260020785420998 0.5788336796902643 0.09976234515342952 0.21345450114841447
4 0.7415108091865954 0.5642842528105116 0.09946863011857997 0.1966275780714914
4 0.5582100917792417 0.5422035742232683 0.10663820928942541 0.19472801181146857
4 0.156501131989608 0.48605649294585124 0.1360717932052789 0.23039897754060837
4 0.6446226754456248 0.5289406770358492 0.08504555319550278 0.19561901828384456
3 0.7457581343621119 0.4629024811041203 0.20545311687890305 0.6290001725178469
3 0.8421637362601151 0.47060182610955203 0.18651606268298365 0.644482349211241
3 0.6453901092624506 0.43502258373790803 0.19385347901660063 0.6521981675666028
3 0.33938833978221083 0.4319781911592778 0.29416129494903703 0.8639563823185556
3 0.44747749812390214 0.42271602645614553 0.2555319193247273 0.8454320529122911
3 0.17334022165088586 0.3540042511408489 0.24546714909607634 0.7080085022816978