1 0.7628441439844672 0.5170747015431678 0.09273081043901718 0.08092137612325072
1 0.608620356522078 0.5360239223234421 0.08345110014917527 0.09998430819124852
0 0.8897925212328699 0.6142714466721574 0.0785175299694043 0.09268885114832442
2 0.38494286963448465 0.6078638417805091 0.05755426323587433 0.13077275599362728
2 0.44445159341093887 0.642566670201676 0.06244587412495242 0.13566436688270536
3 0.3803510570724339 0.6642912874598544 0.1147187262711585 0.3768881680811775
3 0.4438641633412392 0.6762205163555222 0.11687081668084773 0.3625070504487933
3 0.71875 0.7331730769230769 0.21634615384615385 0.5288461538461539
3 0.8497596153846154 0.7596153846153846 0.18509615384615385 0.47596153846153844
3 0.5444711538461539 0.7367788461538461 0.23317307692307693 0.5216346153846154
2 0.7119681150154793 0.8143543980969271 0.14723967157629841 0.31257175199703097
2 0.5377102485069797 0.8101104264447738 0.14209630494306325 0.29325706418487624
2 0.8365384615384616 0.859375 0.1201923076923077 0.2764423076923077