0 0.25721921517006363 0.2193407835930628 0.13792671059153694 0.08403853021887492
1 0.3333589223617505 0.7402830706812465 0.119923134429026 0.06691789210710215
0 0.29625148689158604 0.46776122689990424 0.08285688233368681 0.05186542582363256
0 0.30808559104650557 0.533741118258595 0.09348082673671818 0.06645633990948091
0 0.27760960417005065 0.3044255663104443 0.12059550762079045 0.07653327672248664
3 0.34284028031193425 0.600524319432627 0.228432397947985 0.07361375249597178
0 0.35299345148744243 0.6424657492528562 0.0955484862946821 0.061690606892481216
3 0.3884216338775154 0.37469474213534437 0.40655211996314206 0.14875020604124012
3 0.4260421458829083 0.5340889591684925 0.32794811006065383 0.12336904720060801
3 0.4272023256185661 0.4474246197579524 0.3640058023683462 0.12399843656100054
3 0.47363126241593806 0.6295294973805604 0.34427075324375356 0.1164512237739195
4 0.4383981232144612 0.36660205856925643 0.1985271443315142 0.09229905094773426
4 0.4736988357149785 0.5272401579700204 0.23508911653302983 0.10013997876966513
3 0.44246642899778854 0.28710729832956206 0.4550157696186176 0.12078519729963574
4 0.4564692726760126 0.28084592720078966 0.23134052399565463 0.080867250248203
4 0.4906521087485774 0.44270692932382316 0.2469402540043195 0.09794592906928301
4 0.5194724326369562 0.631136117011243 0.2508569398396358 0.11962250374459142
4 0.5075218950996457 0.18488698114723867 0.3409759006175314 0.1380019205771491
4 0.5015210763564353 0.07062142326529332 0.385253691174409 0.14124284653058664
0 0.5753245106933165 0.4833476211325746 0.1109801230054057 0.07636543955971534
0 0.5949332098612333 0.5744629988799179 0.10276002475622056 0.061816484764559886
0 0.5730135078298458 0.36425233829045794 0.11064393640952347 0.07155774725202303
3 0.6177884615384616 0.8088942307692307 0.7596153846153846 0.19471153846153846
3 0.625 0.7151442307692307 0.7451923076923077 0.16105769230769232
3 0.5610876803174306 0.08158999500552172 0.8144830529425534 0.16317999001104344
0 0.6001704920216233 0.2879647340199509 0.1250670133326004 0.07180950299617997
3 0.5926062936142724 0.17979165709687395 0.8132558598742953 0.19666475149302032
0 0.7259340286044437 0.6925153827468912 0.16884052399565463 0.07977630869018935
3 0.743879948042199 0.3468291720828436 0.4560243294062646 0.13520827422271267
3 0.7560096153846154 0.45913461538461536 0.4831730769230769 0.14903846153846154
3 0.7680288461538461 0.5769230769230769 0.45913461538461536 0.16346153846153846
3 0.7632211538461539 0.2403846153846154 0.46875 0.1778846153846154
0 0.23928976908223837 0.6685182567445735 0.1001880853044333 0.05937067932002084
0 0.22831316473339452 0.5459640621891125 0.09247226694907142 0.05203326298640398
0 0.2721113854213439 0.7076572271493746 0.0831930689295691 0.05667311813132487
0 0.30368877537582123 0.8322586138877928 0.1267479463120118 0.0958479645346415
0 0.2793904971819228 0.6052420098667561 0.09023651409316645 0.054395149849557387
0 0.256521012020524 0.3986580981534118 0.10617243069771352 0.0762815209783297
0 0.22332202571071078 0.09598327922226063 0.16023369916791677 0.094031548450495