0 0.8526084758605612 0.2566971078979676 0.09229717744699265 0.08332522227709681
0 0.17086550763846403 0.3935715871640388 0.0680629169318877 0.06607870629324544
0 0.4463995907188135 0.36352686376432497 0.053416069749789886 0.04659618131831914
0 0.5185709178989533 0.35746039273584773 0.03415732923664304 0.04385666083893041
0 0.2859284532757369 0.4192017719800136 0.05601571488027938 0.0634650636859351
0 0.38100624712335923 0.40672707230533917 0.046232502570629046 0.048874149600086896
2 0.5409730594183249 0.49766579982891945 0.09112406771776108 0.18905249375563477
2 0.47339963992804523 0.5216771984298572 0.09607161643734148 0.20115564310625117
2 0.4092921332566469 0.5576448888639864 0.08648420310433434 0.20339165209732604
2 0.19582449529944446 0.623858286090302 0.15960655388531286 0.29118889235657264
2 0.3234381260711227 0.6036055975297357 0.12033384823482383 0.22080600524394875
2 0.9122134481344788 0.5044042432630309 0.16282156722810973 0.36094239010880386
3 0.5509512286393043 0.5695923676361864 0.15983200827496175 0.5171084715274181
3 0.48568375581454926 0.6019752684848927 0.17707850058754898 0.5534598788699602
3 0.4142668111932908 0.646482298329562 0.18219387700139494 0.5799861051436537
3 0.8887195845370666 0.5612932411399976 0.21283019291971564 0.7343357704781214
3 0.20492241119084337 0.6681616027736845 0.2599840636781777 0.655848033215055
3 0.33331839580378053 0.6839456268754642 0.21861519597999618 0.611865494504046