0 0.6944700034453773 0.7486994407350173 0.08931990722330706 0.06956511498430892
0 0.6927024824271043 0.8582004209736784 0.10136710832816767 0.07500270848530705
0 0.6180068343498898 0.41847021274889773 0.0844562742443556 0.059697769891601984
3 0.6200346836830353 0.76702790505659 0.25784087101320424 0.12165296245982059
0 0.6003066396396913 0.475905449154241 0.0796485819366633 0.059445809414279654
4 0.5803712221445737 0.7691065789944991 0.11815207590164625 0.06867303169439673
4 0.5194910975456418 0.4308469409955436 0.142316403950441 0.09156744946562362
4 0.4933720514233733 0.9011087038594775 0.23138457815308192 0.11786333368070191
3 0.49086331651091614 0.8832058379442925 0.33024994415269965 0.17591313885042473
4 0.443008553408731 0.5105994624788545 0.24327794241197948 0.0968586194893922
3 0.42452518930090394 0.43341931426881314 0.4910698886075403 0.1434884302253375
3 0.3757008611010387 0.5141269091613668 0.558363595747418 0.14461203075400378