0 0.5034964102972009 0.2625930347786016 0.04368880000489493 0.03933643855836064
0 0.437152885166222 0.24716953813165257 0.048552434877342475 0.04450843600501612
3 0.44816683390048695 0.36663323554603394 0.14048598565342593 0.10191100287608525
3 0.42678311799195606 0.28645076315585816 0.1909667548841953 0.10573620683519827
0 0.3774055302844742 0.17831496839164349 0.06314333949468484 0.060024428344982485
3 0.4650250965210438 0.7815878573140107 0.32147372925132767 0.17566859943335716
3 0.3698312072173409 0.2510678870002136 0.19583038975664271 0.11090820428185375
4 0.3495243856803478 0.2634334915331147 0.1233513784703493 0.07419362719740646
4 0.3846335805831436 0.489339816460498 0.1356223507809785 0.09673900542942977
4 0.4015452595725136 0.5987327478357909 0.13797025437006943 0.09211346569121905
4 0.41107757240607934 0.6942490599964515 0.12111536001076874 0.0884345515510018
4 0.443279438072232 0.8770683067240858 0.15968878360181768 0.10096437727809178
3 0.3714264123781786 0.49154357866956977 0.3045628923272719 0.16718199298544761
3 0.4003721498432821 0.7046841311745032 0.2877079979679712 0.16350307884523063
3 0.37381711495614994 0.5936159639232905 0.29958737232531385 0.1523946109234078
3 0.39654429448412015 0.8926395125982072 0.3503198830974815 0.17785443026713593
3 0.3004701518508366 0.3898548493383816 0.27840029745874023 0.189216776259612
3 0.2649422297776907 0.23134729300343138 0.2950593928413976 0.17606876732290602