0 0.6693792888713617 0.4616759173404408 0.05325233448131483 0.05464744269068907
0 0.254673280452138 0.539911515421347 0.0438889103432524 0.05911935836865317
0 0.48727433549159765 0.5359928958443125 0.040225261802794614 0.03499695267275955
3 0.49058048655464026 0.6107639590858395 0.09143124760767826 0.1879502551988448
4 0.20636995094610305 0.6574328772816702 0.12280722784633943 0.19144537539930823
4 0.6987072600299663 0.6372978700132003 0.09952464773984487 0.205029010748064
3 0.22934780207522895 0.7244620322441923 0.21384009149946598 0.46336235766790396
3 0.68758522336029 0.6886867577698802 0.21293778659026957 0.5377137001222706
0 0.41976067999336186 0.7443567466061971 0.04527469296852506 0.08556166606096073
4 0.522428062486468 0.7383089886816762 0.11990968235713281 0.1361569138608467
3 0.5060096153846154 0.8341346153846154 0.24278846153846154 0.3269230769230769