2 0.39888753185822606 0.6081716883604966 0.22160345715416668 0.14045255991498884
2 0.3890793365690167 0.46045783964205056 0.22646709960213693 0.1432488545538642
3 0.4030028819857904 0.2761465827659554 0.6067223930320513 0.19348305410195132
3 0.3784598642457796 0.34759976015437377 0.5701051993215813 0.16650122892576966
3 0.3341764963782045 0.7498025855609879 0.5554603317154917 0.2588776592281671
3 0.34018912657996747 0.5949507328804257 0.525327324642949 0.2012345067795294
0 0.6665867068047007 0.33378894175026136 0.0688742962354701 0.0728019710981031
1 0.6256643671099891 0.3846377802103078 0.07848968085085471 0.07358686806816167
1 0.5690540427016553 0.7990806382505025 0.06384280336666684 0.062794137997689
1 0.558295699966773 0.6404513697184915 0.06635854980106834 0.06779805454789613
0 0.5359657275848821 0.4616102107431377 0.07116624210876064 0.06819050303292548
2 0.48330792757852536 0.2923354795055814 0.2621890910681624 0.13176914126850736
2 0.4672622965873928 0.3608696725120319 0.22590759819935913 0.1192103930154028
2 0.4037481594890485 0.7615027039785287 0.23859823065192318 0.14903766807412977