0 0.1669895879141769 0.22975248971850684 0.09196150123000492 0.11108953837466196
0 0.26832093196765805 0.3787316799047431 0.07253493964982848 0.07631562746177764
0 0.3137414745149192 0.6314618377548986 0.06522550501358651 0.05906868010021536
0 0.3517423037937188 0.5062281170716888 0.06526746051703086 0.06628021856175383
4 0.42573869348019355 0.18711105222577418 0.3619194991871435 0.251770445001196
4 0.46301768390623227 0.5992769550220596 0.20497024079640377 0.12247761114170334
3 0.5062939072593704 0.6005951776529723 0.4864440034814405 0.17732009670417456
4 0.5041216177296179 0.3539909347414219 0.2796293232437824 0.15085632362143764
4 0.5250639673074008 0.4742413922107244 0.2507132435585546 0.13715699571364964
3 0.5435621179381921 0.1879618334902674 0.8548897679071975 0.31172210445154835
3 0.5659433370906003 0.4742176836698343 0.5130401480197109 0.20530249344015977
3 0.5798847270792161 0.35118965126859614 0.7007359403691181 0.24987697099462777