0 0.5179944312539516 0.5861118528409589 0.06974207287322269 0.07402481136950921
0 0.7114887794327249 0.6334453044126435 0.09660410135269096 0.08773854220972847
0 0.33687035767997975 0.4950004519976157 0.044948113917872505 0.05084974137490433
0 0.4456157764992391 0.5200383666269144 0.05498321932041756 0.06348515398813084
0 0.6200052716833913 0.5625336852798382 0.07256563981422942 0.08619808759973899
0 0.39025863800918764 0.4839663752165158 0.06792583582140128 0.09069768898543328
4 0.3613323695444122 0.38092522303149146 0.10186204885922806 0.1696233569014967
4 0.5619543120272917 0.4311246571400191 0.14217035878427245 0.22497269966209535
3 0.37043265154817256 0.3273008209529499 0.15782972273476717 0.39866580458301415
4 0.44914526065019716 0.31548037535849277 0.13845394052319712 0.2559146087400973
4 0.6638125313477092 0.37742138992532187 0.16042433253754085 0.2669164025044727
4 0.7831234253869801 0.41036404759065437 0.19086542537490422 0.31443802495953715
3 0.5839972105320359 0.35182817467416455 0.23590514252782982 0.5739602453360598
3 0.7929066983172289 0.4061725371269578 0.2651710171611441 0.5878280216372781
3 0.6757211130866341 0.3468645944998172 0.23920184000174471 0.5309991054888271
3 0.4561622059239976 0.28701933516483635 0.23190635738277401 0.528133122951984