0 0.29897768471193 0.4092755552148103 0.0988335002129655 0.08533469605588231
0 0.3536716331317264 0.07629812319334323 0.09387176244427432 0.08262275898003828
0 0.26329957883976673 0.7000011934719022 0.10394928344265573 0.09045047928557264
0 0.2877877200641751 0.5548157108640707 0.11418084990203617 0.100682045744953
0 0.33223396051622867 0.25025273691682914 0.10937315759434386 0.10037395482295512
4 0.46354798201152975 0.43493517890507316 0.271416003890167 0.1634255706335015
4 0.45197290371127735 0.5744657191697181 0.2552052626572398 0.1719626370218935
4 0.500533631896528 0.2587773466081709 0.2610912731919249 0.18909765102081444
4 0.4455440492517838 0.7378036527813261 0.2835892801203968 0.16659964409234254
2 0.5532517451230944 0.10212793385296733 0.2962246927336233 0.1769852560127219
3 0.5634150607377132 0.4490520073118083 0.6769852560127219 0.32826614862140613
3 0.5213726664395056 0.753460935798051 0.659696196552802 0.3199762919328748
3 0.6200507189283588 0.13785402410767492 0.6917164238577965 0.27570804821534983
3 0.5522250960899583 0.5945921629610686 0.6744273643978768 0.325708257006561
3 0.6010939151972067 0.28371148270721375 0.6738111825538808 0.3160928723911764