0 0.3343769343132318 0.33522834175411254 0.06848255244709159 0.07201430465004403
0 0.3611461032700905 0.21422083756343438 0.03913288711262375 0.04115103122859655
0 0.37451957417129766 0.6356756043185816 0.053807719779857606 0.05658266793932016
0 0.37963923139037203 0.44638535469886453 0.06582695054908837 0.057423134429025864
2 0.4813174313170518 0.20461424958945476 0.16497207292648033 0.09796880579845843
2 0.49015321553125585 0.43504729376280327 0.11950879245686757 0.10679426390680782
2 0.5080589135818377 0.6335579647443872 0.15792837162771314 0.10707991052001976
2 0.5277816514711151 0.3156872158852362 0.2423147427564856 0.12738625287103608
3 0.5667798476506687 0.20585847597408308 0.4392622902090989 0.13155451868682427
3 0.5767965752964496 0.43500555042153793 0.5165210414577184 0.1561642734517097
3 0.6150090877826451 0.6248758899090838 0.5696574125864907 0.17428540292949152
3 0.62522133928327 0.3136871296263127 0.6465804895095678 0.17966438846360772