0 0.792532779147595 0.2620192307692308 0.1176816420469661 0.1346153846153846
4 0.8631333393903916 0.40865384615384615 0.24894691944268799 0.24519230769230768
0 0.393532460149039 0.3641826923076923 0.04511600223273668 0.052884615384615384
0 0.41519378040652827 0.39783653846153844 0.030189260365067236 0.038461538461538464
0 0.5977449046568457 0.4362980769230769 0.03284493899120965 0.04567307692307692
4 0.3534340106175748 0.4110576923076923 0.06138585061931952 0.10576923076923077
4 0.6143467001343463 0.47716346153846156 0.06269842272654841 0.07451923076923077
4 0.3908882191899282 0.43990384615384615 0.0462912204367859 0.08653846153846154
3 0.3514193508392048 0.46875 0.12487030517444107 0.27163461538461536
3 0.5936888802272317 0.5180288461538461 0.10843256847299407 0.21394230769230768
3 0.38813332920051163 0.484375 0.08920179924222484 0.21394230769230768
3 0.7910675349819443 0.5793269230769231 0.39945828422442137 0.7692307692307693