0 0.21974048386593587 0.6089665670942306 0.12114177210685448 0.14457327988749144
0 0.3073553488542706 0.49589685627193314 0.09309595403979827 0.090569055162786
0 0.3583839952017612 0.4072871174543049 0.060388733483945654 0.0698827937898995
0 0.26012971686577047 0.7555978685514984 0.07018627066881186 0.07273448367978173
0 0.2417889402905631 0.8869993472051452 0.07091488094673813 0.08234986829516636
0 0.4305380813842846 0.27697228701622445 0.0648321206526748 0.06529902335022524
2 0.5757154762130475 0.28937343927244397 0.21507392467633607 0.151343602467689
2 0.3982748869859232 0.9240250989396999 0.2121594835646307 0.11288206400615053
2 0.5415854784436512 0.4394755296839911 0.23710870795050015 0.1260209041154715
3 0.4476089466739245 0.889389937649601 0.49351991063294093 0.19066141757103322
3 0.6197491800107902 0.30888079691088816 0.47035634919130176 0.23269907806616474
3 0.5340605901524751 0.649420204876498 0.7866098276492435 0.3600108468500875
3 0.5941402320316126 0.5520051412513767 0.7127446428402144 0.2703374791593735
3 0.6347158758257586 0.4590915343290967 0.6362217338066863 0.24042438251278647
2 0.5921351343590386 0.657494469685585 0.46201603256228796 0.24907815740705175