0 0.2910100732212344 0.7285776436389823 0.0260007039636083 0.025017953787605816
0 0.33280722543943936 0.8269659698747953 0.023204409324732795 0.020112312254999355
0 0.31369934431784535 0.75538930599644 0.025608255478578947 0.020210261479913783
0 0.29378198860435767 0.6886693090382345 0.023008185082218118 0.0177084661011532
2 0.3474021473492787 0.7841640429956291 0.06083189557254251 0.040812319859485274
2 0.32969241354712253 0.714942250658663 0.06583581212274936 0.04341206446316029
2 0.36788379653455827 0.8134775007318478 0.06303951748387385 0.03850642293055355
2 0.34647018138037555 0.7432007091553301 0.0606356713300277 0.03840847370563912
3 0.3647442086543236 0.7750159622703094 0.1471249776248192 0.07068285042379877
2 0.3311642937320655 0.6738809675934495 0.06583581212274936 0.04341206446316029
3 0.3459306638965017 0.7070450676227235 0.1497250480211799 0.07318464580255934
3 0.3832144601707863 0.8092350615391346 0.1423172853171269 0.07048695197396963
3 0.3605008098184231 0.7378053214981511 0.14172861258958286 0.06327541351243145
3 0.34058345410493546 0.6710853245399455 0.13490952261307376 0.0677892581453802