0 0.7643392346644442 0.7934836255766674 0.1892399519720102 0.19707449813824787
0 0.7477412177763543 0.5586676947413534 0.15225887393256507 0.168742486866023
0 0.761828467120303 0.17189531363980282 0.06485043640809843 0.07058317851288241
0 0.7245612436074667 0.341502669343902 0.061775036994795585 0.051226429043452024
4 0.6747367604303118 0.3232950744513483 0.0982524500896482 0.0651353633926001
3 0.6411668584338978 0.3239351972639382 0.2150641161506092 0.11204779946372029
4 0.6535294739610781 0.16262043366928153 0.15488401814702313 0.10649444734334519
3 0.6098405224046869 0.14833355860414996 0.40267859471972567 0.19386366245601394
3 0.5336996987207724 0.5102588282352255 0.6205968122230257 0.38764223115050345
3 0.46875 0.7692307692307693 0.8173076923076923 0.4567307692307692
4 0.45532286624847607 0.49895293201719954 0.34163617980775535 0.30103911908908587
4 0.32960556232089255 0.7467057309598671 0.548397483450209 0.3814589778368224