0 0.12596738064466922 0.7945464038537194 0.08699997207634982 0.08537828180280371
0 0.189934220554924 0.6380272305904376 0.09425346604133264 0.09309410015816565
0 0.23161693613232479 0.5748630940736382 0.09662934185954929 0.08845450114841459
0 0.31499555109979177 0.2442919446120868 0.08704192757979425 0.09258982026434225
0 0.26705928105616605 0.4716152627735244 0.09904717318121016 0.09102644060020172
0 0.3481389386283978 0.15890486616787802 0.1063845781530819 0.11316533587864051
0 0.20615359018705287 0.7412832985655164 0.10391080616016168 0.10097801181146884
0 0.34704270566523515 0.38349638825455235 0.08701395724416454 0.08778212795664987
4 0.3197986548890249 0.863366375876442 0.22920449468427245 0.16019963253517652
4 0.48114763165537977 0.30516922832387094 0.20274820182415 0.15594676010397812
4 0.4403459816503111 0.5197756725329781 0.21230764576827532 0.14700374868035795
4 0.4194176172403429 0.6396570636207386 0.21711533807596778 0.14733993527624006
4 0.549076862575681 0.21020027193057783 0.22214679306869664 0.18613766033366094
4 0.40706354379870646 0.7877710120205241 0.24122372545350323 0.16104009902488223
4 0.5335645452733488 0.43498515730652837 0.22193701555147471 0.1500799680259687
3 0.4326923076923077 0.8641826923076923 0.7067307692307693 0.2668269230769231
3 0.5377996470557839 0.543410374176517 0.6169789245155022 0.317070345811391
3 0.5119936644990494 0.6509363478991645 0.6505208893268299 0.3001928827517976
3 0.5894605602566045 0.3367718882696834 0.655482418480485 0.3269713770399875
3 0.49017105070408373 0.82361830772257 0.6987936047531602 0.3372085948644666
3 0.6094255507976507 0.4643185577301355 0.621604809641602 0.28615653240727323
3 0.6429107735825698 0.23117898747335883 0.7134544295290884 0.37908253926749774