1 0.20524545174252376 0.5030389848140842 0.09504086466845124 0.08198482469486433
1 0.36009925399475873 0.48588083531231735 0.08632116752513866 0.10093581480795558
0 0.08106213940511048 0.40434501603821726 0.0835814385692655 0.09365433156699755
2 0.5859817926468118 0.41662957356246816 0.06133435197494809 0.13141642223434105
2 0.5274530918767841 0.3812271079231343 0.06636596615065844 0.13636400410087235
3 0.5922186438267928 0.36024410611621277 0.1280428287823289 0.3782174598532975
3 0.5290205449529103 0.3475732617692881 0.12977490933212094 0.36386432770964
3 0.25783708723167853 0.27830147999238714 0.22951813322895062 0.5468106908660428
3 0.12794708118715326 0.2504510279755623 0.19602891454877042 0.4978244856566662
3 0.4298800286326921 0.2796967624901128 0.24600917350384663 0.540088765860441
2 0.2648016844827181 0.20629101254613177 0.15626988356408547 0.31422289583190494
2 0.43902455016955977 0.21256393213096927 0.15056650378432115 0.2948522370422966
2 0.14192894222888933 0.1569808070932404 0.12585627664180554 0.2797297123250247