0 0.6189903846153846 0.7151626899691449 0.12259615384615384 0.10355310277832921
3 0.5637019230769231 0.2871270606037157 0.4831730769230769 0.24805317882318878
3 0.44471153846153844 0.6765909318523655 0.5144230769230769 0.26615344182399964
3 0.5516826923076923 0.14928742474418982 0.8918269230769231 0.29857484948837965
2 0.4170673076923077 0.5659385017850356 0.3004807692307692 0.19733980696045977
4 0.38221153846153844 0.6719260732386027 0.3245192307692308 0.20793468382498895
4 0.46875 0.2585441319109133 0.35096153846153844 0.22343520222212485
4 0.4206730769230769 0.4239646548707408 0.3605769230769231 0.21901930681409026
3 0.3737980769230769 0.7948650493719571 0.7475961538461539 0.40546220894839335
3 0.3894230769230769 0.4252379947946286 0.7043269230769231 0.3363914305922411
3 0.3605769230769231 0.5790576162628327 0.7211538461538461 0.30823092132048835
4 0.39903846153846156 0.12718550546950974 0.6586538461538461 0.2543710109390195
4 0.203125 0.8150405981870368 0.40625 0.331457265164388
0 0.8882211538461539 0.15371160754795746 0.21875 0.23968261023644558
0 0.6574519230769231 0.8590281946782061 0.3004807692307692 0.23580134542199824
0 0.6742788461538461 0.6227656270268819 0.09134615384615384 0.07824130131597985
0 0.7319711538461539 0.3031071533212427 0.10817307692307693 0.09094617665961174
0 0.6766826923076923 0.4748311393404289 0.12980769230769232 0.1038469504530725