0 0.18251703364852073 0.4991020964020013 0.07146691975466411 0.06764642445145068
0 0.465078262472668 0.5841243364715856 0.051465923218900075 0.054843599882904354
0 0.27947339012408634 0.5657159638484082 0.04998634983104767 0.06916872758106671
0 0.6198505314904718 0.6699648830053195 0.06773754567396449 0.0842774490785449
0 0.3727003725189523 0.615307009768063 0.09254623451742078 0.09727617209692009
4 0.25062907868358864 0.6585354462117208 0.09470287097140616 0.1309300182507664
3 0.5574598372376959 0.7409314092996804 0.23877590992986425 0.3214133794672148
4 0.5551795959337801 0.7577093577641463 0.10028079058409335 0.143145147469826
4 0.13186976225970246 0.6500811903476864 0.11461070326830838 0.17969258590209045
3 0.4160180278132702 0.7291427896451126 0.15772220376522783 0.3660620796721321
4 0.36371915366158203 0.7366522659248366 0.07587335690149671 0.09899437367636511
3 0.2317691240026106 0.7083795454805462 0.20872599060113117 0.41369414109349817
3 0.11851070446091201 0.6893038803740329 0.22444231243433688 0.47187619491037797
3 0.303870209515289 0.767955330680736 0.19609057798790458 0.4035890103535411