0 0.8455607352982946 0.37506319168343166 0.09371771698327518 0.07555416821720229
0 0.2327948927506613 0.42308922458748377 0.04425438475736161 0.053360127185034786
0 0.47781701347360767 0.4551198942981146 0.04635013998920989 0.04858040615971996
0 0.6038953317006004 0.4704923106914022 0.05448595121674211 0.06308739692992973
4 0.8381771674617385 0.5038507742496553 0.10927999335548194 0.1309824861675518
4 0.6482733213078924 0.5060605055574864 0.0681996820569615 0.08966956103412553
0 0.40130949081409667 0.48126934559077156 0.0392926469886703 0.05090033846643339
4 0.5030716971916985 0.5113585373721008 0.04487056660135735 0.0629755118004194
4 0.27398266739075006 0.48395374663370777 0.08364019598489382 0.06823074462615335
4 0.361321796845275 0.5142107661093027 0.057968115597580874 0.07994229128923044
3 0.638826281256213 0.565108578379794 0.18056058463242244 0.2687289702786004
3 0.8235982026720065 0.5954346839960188 0.3139685189539158 0.5513215918327256
3 0.49998894556606327 0.5571015425011218 0.15125229440327187 0.26118177642853063
3 0.2555830066871127 0.5346862574058755 0.1658902980094848 0.30218701745580334
3 0.366066765525174 0.5694852420065755 0.1795431476275669 0.29033561438083816