0 0.6264863384144891 0.7209710848705134 0.11866010158980564 0.0651856067333334
0 0.6151276736964165 0.8458591845899578 0.09411771909669917 0.055010720715170984
0 0.5920833820419434 0.4818992879043274 0.0741310684339631 0.040140042669871874
0 0.5880213495469339 0.42163528363734026 0.06666756949510244 0.03516449994134628
0 0.5966170102301196 0.6709369118229171 0.057304145357040155 0.039748391687927355
0 0.567641425739288 0.3742287573047013 0.0790647409803167 0.04265578910427364
0 0.5616726968318093 0.5570049902074257 0.07691285530379274 0.04740753127168814
0 0.5478948535309645 0.6132435991915604 0.07147526180279475 0.03527640022190162
4 0.46744432992537516 0.6787608870103636 0.2340447169744209 0.0678712134666668
4 0.4525241032609212 0.4353289988587076 0.1882456598126828 0.06440431464754298
4 0.4553212225596771 0.496766951132479 0.2297409456213731 0.0773746978014958
4 0.4452206998245907 0.8731926747705132 0.2549132293077851 0.09956881458888926
4 0.4301591604925493 0.5635710921776713 0.215191888459635 0.07463515080598307
4 0.4202509289227057 0.38523887567083376 0.23454863792906552 0.07748659808205141
3 0.4238192620823548 0.5008472916165603 0.4303939985385543 0.10365317482916704
4 0.41872217322621996 0.6210675743790067 0.20772838952077421 0.06965960807745748
4 0.4195717096353701 0.7426296555690708 0.2935007480079847 0.10286786298717979
3 0.39976546811496705 0.4316942496187504 0.4497507480079847 0.10650462210523551
3 0.3817672868189734 0.5684617047567311 0.45936613262336934 0.10672842266634647
3 0.38641156281688444 0.6865019419264425 0.5030133041085836 0.11494706365288519
3 0.37426290140297586 0.3901854383901713 0.4811267282466459 0.10963582008269276
3 0.37159521274889773 0.6247842389512824 0.4231824600770159 0.1034853244083336
3 0.36924758550111453 0.8762379376594555 0.6104202779804093 0.14865886982510737
3 0.343254640261014 0.744193244679701 0.686509280522028 0.16537590249957318