0 0.2652675768655733 0.27423931172467975 0.108858350146002 0.12030621785096166
0 0.8376548708981969 0.4474391894116994 0.14276392932051443 0.16435875058408117
0 0.6612099264433561 0.402461469485898 0.11116430012514436 0.10353524491431625
0 0.5578795047475086 0.3940459980693381 0.11374995346058302 0.13484119505459405
0 0.1558156584425919 0.2849147341881946 0.12806114904114158 0.11594612666549153
0 0.3982335130339613 0.3542676214331734 0.11131813697110729 0.12997755260662408
0 0.7423393334580891 0.5077291588707271 0.12330939740470861 0.12544961100032054
3 0.5999180407490373 0.6065915621327996 0.27718512429679076 0.5472437006070514
3 0.5062729295076482 0.5863806605081201 0.2673599621641842 0.5109622077382482
3 0.3394293845003773 0.5440305872972759 0.2891204440591328 0.5331003743853635
3 0.7029617665046816 0.6642858797032057 0.23109249233926996 0.47406526332638915
2 0.20118725290250128 0.5444192234620728 0.20888448507424787 0.3750040197561967
4 0.49398798054993637 0.6317739867298081 0.20392295592059284 0.3484498117833334
4 0.5911479574312983 0.6676938135649043 0.1942236602983195 0.3338029342991455
4 0.3174870954238364 0.5964116514193913 0.2280453284659431 0.36343239010918826
3 0.7908653846153846 0.6766826923076923 0.3557692307692308 0.6418269230769231
3 0.20099146055309408 0.578073069615919 0.2830137338549632 0.7228363701183762
2 0.09385408740346154 0.5623061843871262 0.1877081748069231 0.36980467646656
3 0.12556559794134983 0.5642354592876604 0.25113119588269966 0.6909709185753208
4 0.7680288461538461 0.7752403846153846 0.23798076923076922 0.44471153846153844