0 0.17890757960643927 0.29249124569506996 0.04635013998920989 0.05034456737282388
0 0.24321138542465195 0.3358387990125576 0.04712036729420464 0.06236379814205465
3 0.17105126109549257 0.4150873995412238 0.12231297631825616 0.30109022718550665
0 0.38522463697929865 0.40026938906961157 0.04006287429366505 0.06438970357991745
3 0.25258324515148806 0.4886771109494222 0.13741311630746605 0.3497970514557356
0 0.427680743135416 0.5789252183151202 0.06727540929096762 0.07779471697442088
3 0.36961946329897327 0.6250919945735576 0.13491610591475806 0.38560278328610553
0 0.5831300752193527 0.6019235126828144 0.06471751767612247 0.07526489058191356
0 0.7673180978078752 0.6437797463749366 0.08021891282619228 0.09284769509080348
4 0.42964043682028374 0.7165794610872989 0.0974756892693874 0.17520836551487853
3 0.43165916932163245 0.7224630962332531 0.14129653584916468 0.33562593500998095
3 0.576937816168326 0.7172451379480992 0.13759944478518968 0.277933627317673
4 0.589234697248486 0.7309753235585398 0.07732064727262443 0.15977744668251231
3 0.7921286290569876 0.7239357626224413 0.1469999027174382 0.2376981438955945