0 0.48185883556476744 0.5175232338138186 0.07937180754593817 0.06682605104045572
0 0.31255704779049276 0.5661090393675219 0.0873669398067922 0.08668774813319075
0 0.17857833313705207 0.5935113594575502 0.07476001368807471 0.07121312477350414
0 0.8758447317332506 0.47702289530840625 0.07176847218474172 0.056579738563105324
4 0.4980102858714704 0.7066909974620379 0.14431235788191502 0.24975808932079738
4 0.8869701490479247 0.6316503536568393 0.1319013302130264 0.23909115826880323
4 0.19688875653531507 0.7764591984338322 0.1617269763083248 0.2656533312551279
3 0.35456311044001676 0.7385403239321231 0.2327485588758818 0.4802559881101136
3 0.506864518922047 0.7167722226487189 0.20218420345028293 0.4943488904518515
4 0.32404772962687506 0.7593031908211544 0.10747107177490715 0.22737268078019923
3 0.19644798502320007 0.7656418907415244 0.2172480404787459 0.45255182469387434
3 0.7217149020165343 0.6907380029718675 0.23794804808323194 0.49029199130014195
3 0.8872374643447183 0.6678132006081926 0.18418188967438673 0.46403057159444405