4 0.10021520248058985 0.3605730935381126 0.2004304049611797 0.5192384283083901
0 0.8451223691640755 0.7501486896714121 0.13820817800047835 0.14876375373210166
0 0.48454544608715244 0.762740313286225 0.13722812133632006 0.13193683065517886
0 0.6516116322042296 0.6333599498939144 0.12987657477990175 0.12928115202903628
0 0.32188839338355735 0.6928532783816012 0.13200040474398841 0.12455740387877622
0 0.1117155715577888 0.7385759864610151 0.1421758217388921 0.13450856512388917
4 0.8212561138061376 0.43911771242647374 0.2670098619526614 0.42434374451602525
3 0.7997377979755119 0.4141063358987216 0.3957167117412838 0.8282126717974432
2 0.4345168992266664 0.4478250294653472 0.27888908462701234 0.42235961914933956
3 0.4476443404844902 0.41886444799947664 0.3739420882617888 0.8377288959989533
4 0.6184218626911118 0.3382477771999882 0.26616981338338275 0.4099206675929483
3 0.6167999153295494 0.35922615748038883 0.3385155539562859 0.7184523149607777
3 0.26211630808325204 0.4010683375732741 0.33935560252556446 0.7603251313641466
3 0.11675025509730833 0.45017168728403484 0.23350051019461665 0.7631181638934688
4 0.24463564003847987 0.3716918139096539 0.26091838825016106 0.44332268127449825