0 0.41749856804529917 0.6686384901950053 0.1635226072849072 0.15237387692904528
0 0.5007173548769832 0.08327777084379763 0.0914606324152703 0.0793756815884274
1 0.4834135736271409 0.7958463104724197 0.11077534580347162 0.08334932168239079
0 0.5044338240874581 0.43132032492336825 0.08888889794655998 0.07437176503822038
1 0.5325664016460395 0.0394189746996498 0.10895910875165007 0.0788379493992996
2 0.6757364821912757 0.4354172498586728 0.24259769788953386 0.15163773847049072
3 0.6622596153846154 0.6117788461538461 0.6706730769230769 0.35336538461538464
2 0.7169032794858937 0.2681293386680983 0.22825856512388917 0.15286423916924896
3 0.7151442307692307 0.07932692307692307 0.5649038461538461 0.15865384615384615
2 0.7345886899323907 0.06870683145754454 0.2985577126874521 0.13741366291508908
3 0.7259615384615384 0.4326923076923077 0.5432692307692307 0.21153846153846154
3 0.7439903846153846 0.27524038461538464 0.5072115384615384 0.23317307692307693
2 0.7692307692307693 0.6730769230769231 0.4567307692307692 0.3125