0 0.19570261723088161 0.25486544486353235 0.0561314824708767 0.07433834278262097
0 0.7705940058540107 0.16758436054593867 0.04562041038341992 0.054266336402564
0 0.23153638767055587 0.26282777648105365 0.05042810269111237 0.05468695497720784
0 0.4244335318454694 0.24108582636160888 0.05042810269111223 0.05468695497720784
0 0.6684272303882015 0.21053921742977078 0.05042810269111223 0.05468695497720791
0 0.3484588089341214 0.26581623845462893 0.04780033466924817 0.04966895338219365
0 0.8599545100851783 0.19229788189743424 0.05042810269111223 0.05468695497720791
4 0.7627633683280751 0.23206758812514097 0.0825211236235274 0.1269222048866095
4 0.42834222275374195 0.3126302157620362 0.05691520900893984 0.09116526585954404
0 0.4597601641547554 0.3117584672664521 0.09068101609679502 0.09651344203589737
3 0.21165687217821344 0.35280691995961494 0.12451274543369738 0.25748069035028465
4 0.2554299271504848 0.3457751794391021 0.08252112362352754 0.12692220488660957
4 0.8763302754987177 0.2552784331190866 0.08207327988749132 0.11730682027122495
3 0.7740252058290712 0.2752915968977193 0.146595204554349 0.2689888585515667
4 0.6752139444561848 0.29802407076118104 0.09968392950247781 0.13560590835940148
3 0.8794322205264464 0.26641120474237723 0.1249012947753813 0.21442176886837583
3 0.6732282948411986 0.3147458391944431 0.16169004708147974 0.2846737911985752
3 0.2658257243765849 0.3816824951064809 0.1433549653227827 0.302222086130769
4 0.361785295859589 0.3683550965710819 0.10549927021625102 0.15766114231866077
0 0.1484258121798073 0.4148568800842589 0.106559585161989 0.12902529775982893
3 0.368493010118087 0.37980333212535533 0.1706929604871624 0.3237662575220795
4 0.4901341820978166 0.4628547996814805 0.17091025450048528 0.22562918378903107
3 0.5075999096542702 0.5283443517006401 0.2822907876795571 0.5609646322049853
4 0.13385118534350254 0.5982253376351848 0.24588395686044728 0.3447089223521363
3 0.17668269230769232 0.6526442307692307 0.35336538461538464 0.6899038461538461