0 0.8435735826920163 0.5026784562598934 0.06296151053788836 0.08369734882339258
0 0.8251881147588928 0.5627158334484119 0.0845401852512446 0.07559480388947812
0 0.8083619930371191 0.35472436448308414 0.09651746051703086 0.06922373191764522
4 0.7187274195379789 0.467495297074647 0.17116255779659484 0.09606923953843569
4 0.6810754180993999 0.7390123591439914 0.23401218699196463 0.16053581913105902
4 0.6930325169686135 0.543855317446265 0.18807339188040664 0.11166896954710054
4 0.6081730769230769 0.9471153846153846 0.3605769230769231 0.10096153846153846
4 0.7070376415675453 0.20334963008981685 0.311186996935708 0.20918403543440584
3 0.5945859046482901 0.7245475388796492 0.6022202035648702 0.25836947833143664
3 0.6250543379609603 0.447718504608789 0.49600344742556585 0.17405029629894989
3 0.6004984252133513 0.5349798793216854 0.5394684705442039 0.21072982181573635
3 0.6090105842816659 0.31192646690781645 0.5201817606421754 0.1997696908168227
3 0.5264423076923077 0.9050480769230769 0.7740384615384616 0.18509615384615385
3 0.5953147360849583 0.18591790712016967 0.7609160052221606 0.2766751744570896
0 0.8545673076923077 0.9891826923076923 0.07932692307692307 0.016826923076923076
0 0.9267238464559873 0.26440324377450725 0.07744052813222442 0.09432129322642388
0 0.8455850427918986 0.7769690577452667 0.07013109349598232 0.07699009025567732