0 0.17079642149783403 0.2931928947400199 0.13344227488615318 0.11038615942799555
0 0.20693718558734514 0.3880456064536688 0.13349821745090842 0.11519385173568772
0 0.19381056296825674 0.7933874879277579 0.08986536001076874 0.08243285690191016
0 0.21994602861972481 0.7155829973516442 0.09226920616461488 0.08251680105934238
0 0.24859806761986347 0.5247557654660451 0.09939683077902049 0.07555709507010004
0 0.23927553940412968 0.6031745700170573 0.09702095590755196 0.07787699706651424
0 0.3300664779293016 0.1314445524282183 0.1139317928316079 0.08567614463007725
4 0.39660327584098165 0.40184671032422625 0.24150346667971961 0.10454826189705485
4 0.4205586655976244 0.30489539467477533 0.2854719795083906 0.16615541057698613
4 0.3654617927092359 0.806616249902133 0.2053618605248946 0.09607756107403495
4 0.3844696337462983 0.721852053336777 0.19093878360181768 0.09557389612944242
4 0.4142676532586049 0.5357905416801542 0.18624297642363585 0.10502139242996286
4 0.4898663045953156 0.13066995826667688 0.21780066052978939 0.13255497416888776
4 0.42407799478531866 0.6219512545101714 0.1883671097537058 0.08106687504893355
3 0.48541718656664795 0.7195283218015525 0.614994701561957 0.19448268322210482
3 0.47348102757923594 0.8160599166638429 0.6340296718160829 0.17832731340463845
3 0.5178419804265075 0.6174755092933969 0.6412971528423766 0.18338683818462714
3 0.5550621650834986 0.3098099064739631 0.8803128595211174 0.2806396174627113
3 0.5586251353253873 0.41661317200525283 0.8702779056700686 0.24424614852529067
3 0.6267177076702808 0.14030821821612494 0.7043565784899286 0.2336463093547845