0 0.19950234002770625 0.17544408484420365 0.24062216588148105 0.2627407366340589
0 0.25767301885049787 0.3892926799481814 0.18978180076866066 0.17368212938776148
0 0.36832349517920127 0.5332541656844056 0.21529242731837578 0.1919091334134822
0 0.4633615020670923 0.8951374571217965 0.14567133285014222 0.16154659906454108
0 0.4172552760101839 0.6688377526935037 0.16300931849501396 0.14103204843896386
0 0.5005927861965798 0.7466353194219638 0.12809361661723623 0.12464885818757009
3 0.5101095564418089 0.1720105217939581 0.9192575744220792 0.33814070360296594
3 0.5661057692307693 0.3088942307692308 0.8629807692307693 0.41586538461538464
2 0.6391620954111814 0.5263085459917208 0.3794143149425921 0.26364966767554693
4 0.5893449454798427 0.29859690634418534 0.42079076212592553 0.24453519799876736
3 0.6237980769230769 0.4891826923076923 0.7475961538461539 0.36778846153846156
3 0.6923076923076923 0.84375 0.6105769230769231 0.3076923076923077
2 0.8040865384615384 0.8762019230769231 0.3870192307692308 0.24278846153846154