1 0.19703576944796053 0.23326102188969033 0.11953744114922821 0.15641986029893176
0 0.16492762021394392 0.8258650489530451 0.16210663144406018 0.14540773205470112
1 0.24932703279218252 0.4306571621455131 0.13340048569278606 0.14714017652521386
0 0.28852529611468536 0.6048810630981306 0.13764814562095928 0.13763669219038485
3 0.5158073003575975 0.8147750251326927 0.889957157611245 0.3183868239977573
3 0.5639723281466984 0.23578380289743642 0.8633511332831675 0.3561769607759623
3 0.5744181502113773 0.44905571384545995 0.8116577082802606 0.25174852349529975
3 0.581304498551837 0.6201204417504813 0.773219878359612 0.21004388677574845
2 0.6365777410941622 0.22904884556730826 0.5958478782727357 0.2971378299607911
2 0.662943798344737 0.830235189529007 0.5602102102496828 0.3035101163181629
2 0.7109592069189741 0.4811190007575861 0.5333952953545159 0.21406425736335516
2 0.7174718264813441 0.6172720092915605 0.5011652386903573 0.19650998246282086
0 0.7559666846037569 0.43161735898167797 0.268972218431439 0.20790974193279949