0 0.39867089165743985 0.698512341738325 0.07162096521566305 0.07280197109810296
0 0.2776779160490689 0.6575492417338489 0.04092626583752171 0.04160112634177328
0 0.6996299387795684 0.6931885193720964 0.05627361552659238 0.05720154871993799
0 0.51023481112815 0.6669676086423871 0.05704384283158713 0.06922077948916876
2 0.27117756607604415 0.5374550461627984 0.09957144450123569 0.1731256815884275
2 0.5019467968452749 0.5562925734442068 0.1086638115114862 0.12843372587792382
2 0.700695800309511 0.5605599548036936 0.1087246927336233 0.1666990400969476
2 0.38266446281625477 0.5047083899899375 0.13094320694550987 0.2522072251791657
3 0.27412241374904284 0.4528052925500613 0.13636339628588579 0.4487339370670063
3 0.503612698710851 0.47034278463328927 0.16533131257631395 0.5276192564152299
3 0.6938407772950573 0.4535888009575397 0.1807395434875217 0.5814849930124186
3 0.3836371601073355 0.4079412934867123 0.1880728443933345 0.6586042941780103