0 0.378928229445659 0.2795970974086455 0.12075171440489954 0.10175189285429677
3 0.4439245819006002 0.7115946201544183 0.4844597123620382 0.24365799388965734
3 0.553451816036264 0.3297815728166066 0.5157936233689271 0.2595365629548515
3 0.45552884615384615 0.8521634615384616 0.90625 0.29086538461538464
2 0.584150203262729 0.4429599306455654 0.29912581066303273 0.19417161735557897
4 0.6159867789558011 0.33870217248545625 0.3232202128727534 0.20490661131105378
4 0.5390583121591155 0.7472670770477742 0.34974643157195007 0.22056125850822966
4 0.5837734050868789 0.5847308732554839 0.35933384585170497 0.21620140993657344
3 0.6248679422609088 0.2129480931445692 0.7497358845218176 0.4026083120152641
3 0.6150234050868789 0.5861863653976012 0.7036572377321116 0.3307695158075544
3 0.6370192307692307 0.43509615384615385 0.7211538461538461 0.30288461538461536
4 0.6153846153846154 0.8786057692307693 0.6634615384615384 0.23798076923076922
4 0.7942761628518961 0.21002403129989683 0.41044394763414016 0.3267256664738396
0 0.11774271887170744 0.8237717792830389 0.22729012940394414 0.23888971241223173
0 0.33720275700966434 0.1298572230689539 0.2994055140193287 0.24224854043250205
0 0.32537312736108276 0.36842413023959664 0.09176570888059771 0.07636990010772712
0 0.2743345541280205 0.6832686819990907 0.10866255779659485 0.08917285741502103
0 0.3262332151816928 0.5162606687011351 0.1279772380342528 0.10449162181016984