0 0.5936370651717016 0.4362371099985076 0.030246234794951476 0.025045791427646583
0 0.20647782630759107 0.4251259468057879 0.030806267174470624 0.0346611760430312
0 0.674504077292302 0.4125649595014588 0.023174704428292614 0.027197805109196473
0 0.5239136724397181 0.4133280650465688 0.027982396735985196 0.027365693424060512
0 0.07129055504224233 0.40956579421856737 0.027842388641105373 0.024961847270214495
0 0.34644908133974195 0.399904658935056 0.01864702831036005 0.03183760910202461
0 0.2850810003692252 0.39896600599746085 0.02063085017956686 0.024710014797918234
0 0.7429318343590325 0.3956846266787879 0.020350833989807117 0.019902322490225926
0 0.3938141096718212 0.3931281084665201 0.02063085017956686 0.024710014797918234
0 0.4565941258615807 0.390502964252062 0.02091086636932647 0.029517707105610542
3 0.21644210958494467 0.2954021986555277 0.10361944911379325 0.29629122043678585
3 0.07673901647210822 0.295341129832159 0.07337321431884168 0.27124542900913934
3 0.34433598407087007 0.2914377774609668 0.09218395926497153 0.26470544380705757
3 0.3904290852785862 0.2858211779906379 0.09402777303929874 0.255174003349105
3 0.5940441136106654 0.2845009977551876 0.09526413735232654 0.31759005919167294
3 0.45561294762219195 0.2832799779336119 0.07183312527516428 0.24480312131683163
3 0.52553449822605 0.2821085892683732 0.08480870416766323 0.3028312056388676
3 0.7495822188658215 0.2815019343710956 0.08270858274446678 0.2667735133311754
3 0.27879024721961987 0.2795139285161997 0.10221936816499556 0.27225275889832434
3 0.6862303160260979 0.27326779881452995 0.07944097948045198 0.2930479327086188
3 0.6490407046889223 0.2707647412974096 0.06490160300338542 0.24935898115222768