0 0.8368546501846527 0.33603047043167267 0.13538269646044981 0.1421125904647821
0 0.46624282381922666 0.31375708645896794 0.08919902457951381 0.10188796595478354
0 0.5704099636219855 0.33603655209241157 0.09713917331897849 0.11179719824491158
0 0.6555464181387496 0.3458294830665597 0.0999073246117878 0.1167028397775183
3 0.4733288426537152 0.42318106107142517 0.17322889052892534 0.3569364411813198
2 0.4716177440272097 0.4642423441366387 0.1101795940039274 0.18901412284273178
2 0.579810171733856 0.5237324505422405 0.14948016981170242 0.2649046427607648
2 0.6721223019615729 0.5645794830665598 0.14886198660208633 0.3199972058493975
3 0.5656976058238639 0.5761497620367911 0.21861506544731696 0.6080138826553788
2 0.8854284950689717 0.6270203366499214 0.20422501245827254 0.4181100365015328
3 0.8509615384615384 0.609375 0.2932692307692308 0.7235576923076923
3 0.6756563456911707 0.627128457679017 0.2854508643642892 0.6994049209705475
0 0.3587308898977345 0.6291914730629592 0.09728546313787453 0.14535309517384304
2 0.48085515035316817 0.7134322179593735 0.22953570316655186 0.27775235179832636
3 0.4542679722502412 0.7603296601938809 0.3676506881692253 0.4559226345708008