0 0.24283467837237552 0.2848557692307692 0.15391207609520116 0.15625
2 0.4160662871409218 0.08173076923076923 0.2924394655462059 0.13701923076923078
2 0.4242790243027984 0.4387019230769231 0.3370522275235448 0.1658653846153846
3 0.5039186326903153 0.08413461538461539 0.6905295730729384 0.16826923076923078
2 0.5111962715498535 0.6790865384615384 0.5359063205434167 0.2548076923076923
3 0.5252403846153846 0.6658653846153846 0.9447115384615384 0.3317307692307692
2 0.5474250410369546 0.2956730769230769 0.3920048062599794 0.15865384615384615
3 0.5384615384615384 0.46274038461538464 0.9182692307692307 0.2091346153846154
3 0.5817307692307693 0.30649038461538464 0.8317307692307693 0.19951923076923078
0 0.14060878666116658 0.6189903846153846 0.14094449131424136 0.1875
0 0.17439098523680746 0.4411057692307692 0.09627243494255033 0.10576923076923077
0 0.2051962772791667 0.04447115384615385 0.06904640071217957 0.0889423076923077