0 0.8575652524522883 0.6874498777632496 0.08651273788487866 0.08909159428703689
0 0.842486948860853 0.6288258889283492 0.09083081673663429 0.07268528978475758
0 0.7768692025501538 0.16461224925612686 0.09867185821294856 0.09495083303133882
0 0.7069092442699826 0.05564206713483043 0.08163510079776706 0.08626712955854686
3 0.6374605779897349 0.670740639889175 0.5371253614712388 0.24840142942122403
4 0.6318392719825912 0.7815278722534201 0.30659168869384956 0.15390281635640962
4 0.6065603018868323 0.6614554298551294 0.32815635929904524 0.15339175378846084
4 0.5229965160284978 0.237175493655699 0.3441881661487709 0.209942071050854
4 0.49031828369586034 0.09350400413237211 0.32255355076415554 0.18700800826474423
3 0.4778882009673081 0.798593435872793 0.8798704109057828 0.32634227129786153
3 0.3971756761477176 0.13212163949102568 0.7234105765675243 0.26424327898205136
3 0.4217958064844536 0.2717746415569096 0.8435916129689072 0.35068148611695
0 0.3422735014319299 0.5562991461607557 0.1638554834844727 0.1102445684044157
0 0.33399068071618043 0.6349499193790605 0.14399521123892794 0.08692747872122471
4 0.33335192896527804 0.7393069177840463 0.17783316807744962 0.17860380714871782
4 0.2694900283213955 0.46196235024985816 0.19685410296996045 0.1730747429857547
3 0.22142596707126383 0.5069287659680204 0.4260331012847963 0.30342073907093936
3 0.22443157003150482 0.7332509903571942 0.4165576062282507 0.3073871942293439