0 0.8781344208194918 0.48622896867354837 0.07254523798165681 0.08368922305451552
0 0.8603509419598503 0.5456956195049266 0.09115982536843029 0.07463339667448701
0 0.8410934169293248 0.33878998832560864 0.10287096521566305 0.07017542826389225
4 0.7522567301729288 0.45017488945652057 0.17893065059488358 0.09638217796435852
4 0.7191830980350417 0.7203406644733262 0.2478396787347022 0.16077068700868524
4 0.7282630083482423 0.5250567059496404 0.19683589189879916 0.11369871449721813
4 0.6514423076923077 0.9362980769230769 0.3701923076923077 0.12259615384615384
4 0.7365136525399669 0.18578678492315337 0.3278436648777584 0.21108584302703262
3 0.6329993095380091 0.7046364709577799 0.6190780216372781 0.2627484473266047
3 0.6585533122923598 0.42945316929502325 0.5058214445012357 0.18027400917580366
3 0.635329817772668 0.5163542165573738 0.5538052033392968 0.21766065229246662
3 0.6402343591305344 0.2933560824850376 0.5312463151886877 0.202608072354614
3 0.5661057692307693 0.8918269230769231 0.7860576923076923 0.21153846153846154
3 0.6153846153846154 0.16706730769230768 0.7644230769230769 0.2860576923076923
0 0.8978365384615384 0.9807692307692307 0.08413461538461539 0.03365384615384615
0 0.9555288461538461 0.25 0.08413461538461539 0.09615384615384616
0 0.8848782956810651 0.7599526787046221 0.0768907939063521 0.07661757415181605