0 0.3473012107283318 0.5338836763492524 0.10815263368450855 0.09375200987809834
0 0.3318856243248919 0.44589151610261774 0.09651134363126126 0.1006837976382479
0 0.4842948874493521 0.6511156513020837 0.12598739867072092 0.11337443009081209
3 0.47428290888180674 0.16229663490619697 0.9485658177636135 0.32459326981239395
3 0.5473329236678658 0.22762111205117566 0.8540497147123622 0.35360526420128274
2 0.6752746764414602 0.653159841300321 0.25275112201197725 0.1499376835391026
3 0.6382211538461539 0.5072115384615384 0.71875 0.2932692307692308
2 0.600726570816768 0.21565883636127187 0.40278720384044375 0.21825448824989352
3 0.6322115384615384 0.3894230769230769 0.7307692307692307 0.3605769230769231
3 0.6983173076923077 0.6538461538461539 0.5985576923076923 0.3125
4 0.6796346667005708 0.3927621596600967 0.4344151445564272 0.22619337853504307