0 0.1716728388842933 0.879252610996894 0.08408719830283519 0.08496309365294617
0 0.23260904129972576 0.8672782646966785 0.06754029141567158 0.08908514138623722
0 0.711078871198655 0.822921313540359 0.0895949310849263 0.0971782228720058
0 0.8316556403642668 0.7591622355640943 0.08394719020795531 0.08255924749910001
3 0.22775281033502282 0.6610637739684312 0.2158979347197028 0.5363882441645662
4 0.11752590749529915 0.6505484942377511 0.13274561914970656 0.3027784858728167
4 0.24279406941461362 0.6303524947054607 0.13188186203953792 0.3291228443402097
4 0.6837124134687229 0.56880335595051 0.1902742102062443 0.34349285650738726
4 0.844256368903446 0.5428160817179405 0.18901413735232625 0.3218582411227719
3 0.13240432998580573 0.4968002896165118 0.26480865997161146 0.879203636384437
3 0.8328897615268338 0.44838043714353937 0.2603324041792912 0.7228556871595225
3 0.6698601016203797 0.4549900183079679 0.2997028736823175 0.8635521040064872
0 0.39627610560266224 0.3739653443688106 0.09832285004925204 0.16468181362952697
0 0.31871113798218126 0.3611666099437064 0.07783200796456505 0.14226360444559588
4 0.21421383433731345 0.35570389558300486 0.16845441279542991 0.1747338796135844
4 0.5038417330644399 0.30606177642474736 0.16250294718780942 0.19607464732345642
3 0.4682503605479366 0.25521574267227 0.2787490765321326 0.4214403101486238
3 0.2397449678376722 0.24831441245924354 0.2831367445551856 0.41442467013691425