0 0.30466679409893066 0.5042368072148935 0.09525158631196567 0.07315032206335613
0 0.24528057159444414 0.1685506277236349 0.09023358471695148 0.07069053334475474
0 0.3660667555289159 0.7943198379890192 0.10047989719430188 0.0780139569358034
0 0.3424205813099703 0.6475593518337045 0.108532672805128 0.08771325539832102
0 0.28325937874316176 0.3418932779831453 0.1037249804974357 0.08765731283356579
4 0.46785809062613865 0.4893259169808365 0.2679373121149571 0.1255890810605578
4 0.5027874131086882 0.6278127980095776 0.24735424316695123 0.13735657028839
4 0.4449785102591162 0.31015546467216526 0.25363410048589713 0.15423943593006845
4 0.5504268268694429 0.7880601651936333 0.2799565428841878 0.1257289374724459
2 0.4413896317698715 0.1456178739044029 0.29041316464886013 0.13545620721734092
3 0.5679783919383894 0.4808853262253114 0.6707907621259255 0.22873406367817767
3 0.6294382860153831 0.7853774482813253 0.6559470666282048 0.22375854367621992
3 0.5078560869282761 0.13678568519559128 0.6856344576236464 0.2337095836801357
3 0.604530256072506 0.6241938852029336 0.6705804528386037 0.22633021752433152
3 0.5470368171539168 0.3101423210962905 0.6697392156893157 0.2167148329089469