0 0.4340460021652771 0.8302581399039 0.10336739449348296 0.10571529050705145
0 0.33263686258151637 0.8471390032430025 0.13042515372884628 0.1327730497424146
0 0.6944736687537387 0.7497343184452998 0.11365418079220099 0.13478524491431626
0 0.6205139393872857 0.723961402558227 0.08156492868803429 0.09800020078301284
0 0.8016706330391021 0.639187380316614 0.13361230184658132 0.1664828460365387
0 0.515500035511805 0.6890476733090817 0.10582719078760693 0.10817508680117527
4 0.6699087055778842 0.5134580186149045 0.2200428828606842 0.37030822772906
4 0.22262446560261706 0.561973498362607 0.23960935293311994 0.3851789057743591
4 0.756002580811271 0.3795709907621801 0.2690709583223293 0.4122926151500002
3 0.21574963292179444 0.49567190364086555 0.39480634965833405 0.8596897603448721
3 0.6277035324129804 0.41506717178899627 0.3551698582509623 0.8083137888696584
3 0.3391570638019761 0.46366959156426313 0.3293989522419879 0.8365444911727565
3 0.538705274580395 0.41540086275256455 0.3120125277622869 0.8121143786523507
3 0.7537106349379805 0.37470734831421004 0.38200180704711595 0.7224467290145302
3 0.4202184412275104 0.39099671542419906 0.351479158870727 0.7529693771909189