0 0.6866673244793784 0.6989968456498357 0.20406977958431036 0.174113738759889
0 0.6699098267321234 0.4056436962992192 0.10718540438704813 0.09555424949979169
0 0.588074919506852 0.8438062318893128 0.14692028277247443 0.1274755981508771
0 0.6068609341909129 0.18474768918170742 0.19263824416456643 0.18832701922950182
4 0.504413796781889 0.382336792579068 0.19602976285444138 0.09470289710158028
3 0.4776694611279536 0.4923682448769843 0.36429899362367213 0.0976400474500785
3 0.41079026990204986 0.6785675068655065 0.7822049513884916 0.3907888598848591
3 0.37271853682287254 0.3632230881593856 0.7016659334304644 0.18279931193330498
3 0.3647846496048022 0.16851154969784715 0.6754644086570006 0.24719964659883714
4 0.2936874529379895 0.6933384246984808 0.5205856978058029 0.27812613885764936
4 0.3080493919271315 0.16151589098195024 0.31994414109349817 0.1881470154823757