0 0.48099010391560193 0.7311149810013894 0.053338355295768435 0.042040337561217896
0 0.5038766223933707 0.5932015529267632 0.053170261997827324 0.039636491407371736
0 0.5354117090401428 0.3832566654471693 0.053338355295768435 0.042040337561217896
0 0.5499017992958202 0.3137689275467419 0.05641457464137918 0.05171167231688045
0 0.501237669608983 0.6653728876824256 0.0536745418916508 0.0468480298689102
1 0.5328738362210956 0.5228475927910795 0.04886684958395849 0.04673612958835486
0 0.5692506818083002 0.45025763692238296 0.0634580198049764 0.04947567658386758
2 0.6005940850651156 0.7423259495537399 0.17331202970746473 0.07603189443482924
2 0.6358189875916275 0.5312630642076395 0.13021089223617494 0.07742863806367527
2 0.6284563891485179 0.6021205756058232 0.1544174470725777 0.08039198562029923
2 0.6198918676284854 0.672950111933868 0.14033055674538303 0.08486397708632482
2 0.6599914757952899 0.39217568812622916 0.1636966450920801 0.07580809387371801
2 0.6705396102243159 0.32741171732307744 0.1664366778418085 0.08067173632168825
2 0.6842991105970332 0.45775093596340877 0.14977784806282665 0.0826839314935899
3 0.6685994205559076 0.7511320670131951 0.44042459939759976 0.12064794832692353
3 0.6799039748256687 0.6755507885177356 0.42706062224484004 0.10113742839476512
3 0.6918221256295587 0.6084109466308767 0.4365079135622834 0.0989573828020302
3 0.7341574866522684 0.33009631911736176 0.43958413290789405 0.10862871755769263
3 0.7279127646371114 0.4021837286626075 0.4365079135622834 0.0989573828020302
3 0.7097498918180641 0.5414109800947121 0.42499296268687586 0.10588917056217977
3 0.7353094297129611 0.4685692485947656 0.38395948477355024 0.10253417202361143