0 0.4923376601729824 0.8319712149854335 0.10465624928383586 0.08285257768907045
1 0.5790042959842865 0.2194139960806351 0.07228663994374565 0.05772284210399206
0 0.5214931854023827 0.4274000981340752 0.09677294521824328 0.06817766829369755
1 0.47058445599966287 0.725614375114178 0.08989728955873187 0.07513737428293975
2 0.45431053158913737 0.19586010274211346 0.18258697461299384 0.10717340611151283
2 0.40132721097990337 0.3980044777258023 0.21266469873324675 0.13462304369300562
3 0.3993579528527029 0.20114092558271396 0.4591478710940057 0.22242832667056928
2 0.3085520764104131 0.7763545849454647 0.232007428898025 0.13769844310630822
3 0.2933189396794446 0.7842224094606178 0.5119205255446121 0.2218712519802291
3 0.3420970974086455 0.38873630740717774 0.47781883565473 0.21108064916079528
3 0.3009980272921524 0.6656937177111097 0.4687632557093903 0.22276410330029742
2 0.2902367000668492 0.6665178920795883 0.25716549977657677 0.1625763462190909