0 0.7988305687310129 0.8860845158802526 0.09131387082942902 0.07804540286615072
0 0.786123660604255 0.594262081250231 0.09760113652497401 0.06391617361781735
0 0.7492311749581186 0.7294202767460872 0.08031207706505392 0.05601899058187762
0 0.7621031829798119 0.4626157959036717 0.07356267498651246 0.0629366813686728
0 0.7677761092370171 0.3453660551022396 0.07775418545020876 0.05351719520311704
4 0.6607330197347893 0.8636744869832059 0.22256885350824918 0.14333286563277062
4 0.6281754757219543 0.7484633278139119 0.17985492336087708 0.11282157496307121
4 0.6035245171508092 0.5508581970739551 0.1813953779708667 0.13686003650153247
3 0.5851838952636529 0.7323261394548322 0.42230301096061607 0.19223008669113995
3 0.5581074218133308 0.8523001064628034 0.5828662838685867 0.26590447861827143
3 0.5949284119459363 0.43542460707688246 0.43503158781270446 0.1663754743483188
4 0.5410909255899147 0.3061597256496618 0.1715327836556213 0.1700241365308065
3 0.5072936482664635 0.5457383050004541 0.4023628956469892 0.21779085135921752
0 0.481829565082205 0.16708356115722756 0.18598814359542276 0.09628849956089128
3 0.38989582759746777 0.2664330275511198 0.5276064205355377 0.376338568001265