0 0.6197345462640411 0.8473557692307693 0.024877903112782408 0.02403846153846154
0 0.7236455679027342 0.8629807692307693 0.019986266647657878 0.021634615384615384
0 0.653178532024307 0.8413461538461539 0.0200702108050901 0.02403846153846154
0 0.5864851536915132 0.8245192307692307 0.01758242049381186 0.021634615384615384
2 0.6935822237738152 0.828125 0.0380723520860624 0.057692307692307696
2 0.6255610061279501 0.8076923076923077 0.043047932708618876 0.0625
2 0.7283540488471522 0.8257211538461539 0.03815629624349434 0.06009615384615385
2 0.6568110061279502 0.8076923076923077 0.0380723520860624 0.057692307692307696
3 0.6941125935912815 0.8088942307692307 0.067452705288493 0.14182692307692307
2 0.589907767401576 0.7848557692307693 0.043047932708618876 0.0625
3 0.6261333480241326 0.7896634615384616 0.06994049559977136 0.14423076923076922
3 0.7314141810546129 0.8100961538461539 0.06728481697362881 0.13701923076923078
3 0.6598711383354108 0.7920673076923077 0.06007327851209036 0.13701923076923078
3 0.5919338648469779 0.7740384615384616 0.0646291383474864 0.12980769230769232