0 0.40777032407959257 0.3216517281299467 0.05527823991917735 0.049371129477781835
0 0.41735338343349915 0.46104953506168844 0.055152259680516326 0.046967283323935675
0 0.43403733343920925 0.6721172233726269 0.05527823991917735 0.049371129477781696
0 0.4351286087063974 0.7433668715069707 0.06058985318151432 0.05932270068904881
0 0.40297796420082654 0.3900772968655915 0.05553020039649968 0.05417882178547414
1 0.4050345344965417 0.5349804392881252 0.050596527850146206 0.05143878903574562
0 0.3853151767400541 0.6120128328515079 0.06514558501188429 0.054851194977238595
2 0.28789807779357984 0.3301580329587838 0.17495640503755627 0.09366539338458953
2 0.30085027832985956 0.5433774274766567 0.1318131545069866 0.09304356017549537
2 0.29248447448180237 0.47282542252541254 0.15597759628410937 0.09712833930875278
2 0.2853205937106682 0.402357464223139 0.14408434575353976 0.09869171897289324
2 0.30916842448751247 0.683893110836351 0.16546700066083275 0.09539686634667123
2 0.31297849650519977 0.7493012368840204 0.16812280729200124 0.1003726519523045
2 0.27012464252307256 0.6232591704300734 0.15129588421507822 0.09919599886671684
3 0.22070697430707725 0.3326629590779706 0.4414139486141545 0.1698479638504216
3 0.22465752879053913 0.4089724394669184 0.4293759350099809 0.1497767281299467
3 0.22834162056956522 0.4767844116684341 0.43899131962536553 0.15044910132171113
3 0.2498485953118939 0.7569500419067818 0.439369260341349 0.1576606397832496
3 0.23914193542932113 0.6850280205806735 0.4389913196253656 0.1504491013217114
3 0.22595310684464534 0.5453780737020201 0.42482020317961094 0.15424823384175676
3 0.21717703701912658 0.6207630409522917 0.3835768778482428 0.14417910931521924