0 0.6603022458402031 0.30408872048845037 0.057471009631695796 0.06701315757783742
0 0.649397164451653 0.1989081624467636 0.07918956917374313 0.0711830219143156
0 0.6529152109355792 0.4722352615145887 0.06940629624349434 0.06559043263656464
0 0.6135264572034775 0.3452728207233591 0.06957418455835852 0.07039812494425682
0 0.6256945304923195 0.5901707920518948 0.0670024500896482 0.06539420839404997
0 0.6161936244460513 0.6632672978798528 0.06965812871579075 0.07280197109810324
0 0.6204175371905294 0.7497076472970571 0.06949024040092656 0.06799427879041094
0 0.583390606584158 0.24166205662178974 0.06725428256194459 0.07260574685558843
0 0.5918956713576725 0.45069855988514773 0.07197803071220481 0.07059434918677163
0 0.5666437981258565 0.14177975149408195 0.06974207287322283 0.07520581725194922
0 0.5880838712721336 0.5486430018434609 0.06708639424708042 0.06779805454789613
4 0.4431471848314128 0.3676182034803622 0.19077382213985125 0.10905549091614421
4 0.4459822403888508 0.6904203729445482 0.19574940276240774 0.11425563170886587
4 0.41537320828722346 0.26260929205935507 0.1885378643008694 0.11366695898132183
4 0.43332959890006895 0.5697129270241187 0.17369506659063205 0.10047038275700301
2 0.4497177553945786 0.7973915267907021 0.2252671098680183 0.13584109184981122
2 0.41919649698919387 0.47564401303851167 0.21514806030804115 0.12063311795667558
4 0.38432923914199324 0.16751010161750454 0.20743285690191016 0.10562136830605463
3 0.37789617533020636 0.8116917156046036 0.5698565514423392 0.1879396200678705
3 0.34231156260602247 0.3794653908967476 0.6102182711131314 0.17685235526754292
3 0.34952693060637147 0.4825364391483602 0.5550137537321018 0.17474304384355166
3 0.3655793104711528 0.7005996542995588 0.5691849981828826 0.16870885083710127
3 0.3508585994582531 0.5897038172370288 0.53527931955674 0.15875017298035735
3 0.3156135929026081 0.2707525981237139 0.6151099075782558 0.17964864990641843
3 0.3054907138038205 0.153454697191539 0.6037622300684816 0.19789829792461427