0 0.5578847384076948 0.39008933530825524 0.06568704206041923 0.06806291693188762
0 0.5511915107354561 0.24235069633503845 0.09948074462615335 0.08047374565440493
0 0.5394231794423098 0.3242073363365069 0.05098425231356611 0.04385662769916051
0 0.5392545096827301 0.44198181223377964 0.04838460718307676 0.027001733339859814
0 0.539182897346158 0.6546942255667866 0.048496492312587236 0.03661711795524443
0 0.5271505230010525 0.5526846060814019 0.05822376205748219 0.046344387700139524
0 0.5205526686211932 0.706586702492311 0.06557515693090875 0.058447532316503015
4 0.4850823732434307 0.656525502497206 0.10138110769720263 0.037232486167552065
3 0.45738219990944473 0.6616548645522407 0.24343180103314652 0.0581135610585999
4 0.4419974820055966 0.3313497886574154 0.1329387918033563 0.0640384205307684
4 0.41284195992266093 0.5648305496866459 0.1643845907799995 0.0812289702786004
4 0.40635599067231215 0.7091172614821704 0.18118354257454497 0.07902092310139744
3 0.38310325123636574 0.33203508507566676 0.38084262975566385 0.09336177030796969
4 0.37257879994370885 0.41027197020517714 0.2659335261714677 0.13288453336922912
3 0.37670035376783584 0.5724616573838486 0.3689912266806986 0.10764499081915865
4 0.35892577535133025 0.24098262969447776 0.27074121847916 0.13294047593398434
3 0.34616193733783673 0.7182300050800722 0.38358213129804114 0.12223589543650103
3 0.30319145742545506 0.24165394047154037 0.6063829148509101 0.18976904213384233
3 0.29978064510601504 0.4147588348308411 0.5995612902120301 0.1897130995690871