0 0.08075009326505839 0.4338196664515062 0.06286631104141269 0.08388073731396244
0 0.280254056828447 0.4534656961305639 0.13378360211868462 0.19234639387483116
4 0.08405822840600487 0.5450520548969077 0.09853481697362888 0.14412318097901233
0 0.5584706294938602 0.4503648442245473 0.025045791427646583 0.030667679540969564
3 0.09676045010172402 0.5932379856338643 0.18312734663470998 0.43823144909447953
4 0.5716345440554558 0.48532962111535016 0.040308309925044375 0.055799056496320616
3 0.7112255092933969 0.4699570797777265 0.07765569900590236 0.16411842323829345
4 0.49577220676731165 0.5294378892308175 0.03301282730607369 0.0528487526340297
3 0.5741490392396079 0.5163063922611278 0.08827841351047201 0.19369318736237362
3 0.4997404575006831 0.5531120456303159 0.06222529219364038 0.13417935397525008
3 0.31768916865614777 0.6172542575722032 0.336614848517072 0.5769287545561835