0 0.43671430757453894 0.3641826923076923 0.08324489207350101 0.09615384615384616
0 0.17805188283034912 0.4170673076923077 0.0905543797599539 0.0985576923076923
0 0.694344175313685 0.3449519230769231 0.0651446290726901 0.06490384615384616
0 0.5501093159394735 0.40384615384615385 0.077849504416322 0.08173076923076923
0 0.336456765778467 0.4699519230769231 0.07544565826247585 0.08173076923076923
0 0.8477944421167388 0.3942307692307692 0.07005027060529684 0.0673076923076923
4 0.4659134555120744 0.5793269230769231 0.17570519157584455 0.3004807692307692
4 0.2384030815429701 0.6298076923076923 0.1572131316753758 0.25961538461538464
4 0.7467716586124167 0.5697115384615384 0.1805128838835367 0.3004807692307692
4 0.602808204678441 0.6057692307692307 0.14386749622635783 0.2860576923076923
3 0.49119872459647407 0.6394230769230769 0.2722262937686955 0.6634615384615384
4 0.3758365514463662 0.6694711538461539 0.1622167224328971 0.2644230769230769
3 0.7581991038887185 0.6141826923076923 0.2974932107620298 0.6346153846153846
3 0.6141377007298284 0.6478365384615384 0.243237306228612 0.6009615384615384
3 0.2621925798757033 0.6826923076923077 0.27325885077373935 0.6298076923076923
3 0.3761528413556171 0.7067307692307693 0.22714909248198956 0.5600961538461539
3 0.8870192307692307 0.6225961538461539 0.22115384615384615 0.5528846153846154
4 0.8958060300074359 0.6286057692307693 0.16628570541028864 0.30528846153846156