0 0.1370601172463675 0.18952192466685738 0.07133905994484933 0.08005798307532921
0 0.3059694708281882 0.23112499713534335 0.0763987127298639 0.08508959725103957
0 0.377775015656562 0.263385959468772 0.07412084681467891 0.08738148247087671
0 0.724122942978042 0.2987950836638434 0.08095444456023415 0.0805058268113653
0 0.48639413422459504 0.282903258889259 0.07437280729200123 0.09218917477856901
0 0.8146502252728983 0.3186745991561858 0.09613340291527778 0.09560066933849634
0 0.20798891121375526 0.26150232900575215 0.08424015238470818 0.0974447108222974
0 0.5912917249424819 0.35044150091966453 0.07602077201388041 0.0778780587895011
4 0.10971384424123781 0.3894593519749482 0.11951129840258101 0.22138439587655936
4 0.6970235196405926 0.47103229973569893 0.12040338169249327 0.19265020296441454
4 0.475932663606077 0.4595299707299467 0.10673618620138334 0.20640151428343748
4 0.353210529521262 0.4562238092493334 0.10698814667870565 0.21120920659112977
4 0.8063457511405462 0.5231134831671179 0.14772755105542912 0.2107086963154367
4 0.2033531964315029 0.46490723134077466 0.11545948752685561 0.23558355093161837
4 0.5801373630113275 0.5402893666065061 0.10724010715602798 0.21601689889882209
3 0.10613362905867903 0.5037540052166494 0.17380546045828854 0.7083048501615905
3 0.47196939689789263 0.5581436435046435 0.19533453884281116 0.6157864204356898
3 0.36164443429829185 0.5481857482325367 0.16863004905389695 0.6553082738429661
3 0.6888245825083332 0.581497261878613 0.19735022266138977 0.6542479588972282
3 0.18433184079729378 0.5519758503521052 0.19734000104210545 0.6998090748862962
3 0.5664276206394553 0.6179665228704702 0.15990674772842467 0.6261262371947852
3 0.8100961538461539 0.6298076923076923 0.23076923076923078 0.7355769230769231