1 0.16147801310259652 0.3044213811339441 0.08707309213204883 0.07260486548890246
1 0.1900384995608913 0.179225588784537 0.10649975981264699 0.07752443913911314
1 0.27435464433886364 0.7437728131591059 0.09178283521482672 0.07022898967068596
1 0.2400580465623347 0.4626556722533464 0.09629667984777567 0.06304542154477707
1 0.3571995592258225 0.9476661960337703 0.11371129827418545 0.07756639464255735
3 0.3294044215846267 0.29502895784844685 0.442344396489823 0.1804159307590936
4 0.3750774985077036 0.2947632396599657 0.2834497674171329 0.11460304869728564
4 0.3788301915758445 0.29834803113901276 0.27172438432264556 0.12174466131975005
4 0.4050847811052076 0.17557007011126657 0.2835477166420475 0.1170068948511318
4 0.447109195845797 0.4398113398527511 0.29586079508602153 0.1242883591517442
4 0.5030404090069414 0.7208026142481774 0.2943384919564054 0.14590898936854493
4 0.5337883924520426 0.885326224108491 0.23066310125743195 0.1166992211592061
3 0.5781677858428695 0.4402510712837678 0.7633292748752493 0.2135259580784615
3 0.6479710847597348 0.8846619286372881 0.6987192763961463 0.22035989700900033
3 0.5460301611579007 0.1531103298255782 0.8626705609822571 0.23333011918963736
3 0.6201923076923077 0.6971153846153846 0.7548076923076923 0.2403846153846154