0 0.6425646109300244 0.13371093987481822 0.07810198065751915 0.08126332786434969
0 0.5910203909751218 0.553706563289156 0.04517256664738398 0.04338553032322041
0 0.5890577607026166 0.4598165551942762 0.03326529681216223 0.04508933600266774
0 0.5765512753670833 0.7088127899892278 0.06071525291055097 0.06826404043096036
0 0.5716382499800771 0.8103343608302852 0.05350371444901251 0.06784401614632102
0 0.5844014401591997 0.2045888386019446 0.053055870712976426 0.05822863153093667
0 0.5774467846902029 0.28815156733659586 0.0671430648340263 0.05185714163867676
0 0.5650852214132023 0.6178866604277131 0.03796102818584538 0.04296550603858106
0 0.5672782232594685 0.38033776975202827 0.03796102818584538 0.04296550603858106
2 0.48715118215669667 0.5489096036766783 0.14870920659112977 0.10455433184663221
2 0.46973149328520497 0.4595354174292863 0.16715624928383585 0.08884747352874729
2 0.4655495278966049 0.6285046886729158 0.13361436406399874 0.08929120635427687
2 0.4587628138286217 0.7156731866383363 0.15810066933849634 0.10030667191845911
2 0.4703240809308213 0.10999766845743558 0.24816258637089397 0.12952543296747193
2 0.4632410730400298 0.37193504090878143 0.13842205637169103 0.08957122254403621
2 0.45412288477299056 0.27966698017546404 0.15765282560246027 0.09069128730307437
3 0.4418073601809516 0.4551358951357882 0.34420447159073125 0.13272191060881647
2 0.4433285964231638 0.20316392753702642 0.20651347521744648 0.11031837227759277
3 0.43554086180379453 0.37234321092297573 0.3168664764263515 0.11195105233436974
3 0.43163879875021716 0.5473220975512206 0.3635472017555095 0.13624582152170078
2 0.422431847040602 0.8154090934820617 0.21495658395308403 0.13718070425453988
3 0.4076892788032837 0.628259113719261 0.3748946669206863 0.12252278507302268
3 0.39942073932335487 0.709488000347506 0.4045245473049031 0.14102980528850287
3 0.4012382693883752 0.28274715826281893 0.3901014703818262 0.14018975671922437
3 0.38918607749462086 0.2051121865948981 0.45042154609599794 0.14849765139891088
3 0.38104589043648657 0.10796642950644854 0.5981757708207035 0.18107660672503825
3 0.35845002162865636 0.8131096926117601 0.480387309282242 0.17421621007592974