0 0.8557780474864264 0.6560032799310853 0.09839207909527058 0.08196228646952318
0 0.776848682523102 0.6877418684568036 0.07874164118798423 0.06653136763715696
0 0.2230933704864072 0.8703745068370318 0.09598823294142428 0.08183630623086202
3 0.45459702143954284 0.8330400193101762 0.289363594412663 0.29358584176950914
3 0.8895275620732749 0.7334404994280911 0.17864678177690096 0.2829830584834039
3 0.23303636843597103 0.8998556726861335 0.19720382686705792 0.1783476498621233
3 0.8153359446382233 0.7673309736303332 0.19731799277231396 0.26476013116192365
2 0.44623139411758245 0.8730814215646211 0.24859387823028073 0.21224323487400745
2 0.895515066894972 0.7751298664044153 0.16191552713298035 0.2029002539745138
2 0.2356279383651574 0.934522471558911 0.18315619749466142 0.10800621020727928
0 0.4206726449041455 0.7616124151977858 0.11825235134081534 0.10460474376342788