1 0.8395525523851506 0.7088774144988855 0.09217463211448464 0.08398819190738585
1 0.8115247050031464 0.8350844483854506 0.11160129979508272 0.08980372612436746
1 0.7236720021063755 0.2715970497147297 0.09448052904341608 0.08171032599220086
1 0.7603868150932225 0.5529628083341067 0.10139821983021126 0.07487672824664589
1 0.6413637093303006 0.07456509845724403 0.12111873518555263 0.0879038009251659
3 0.6715547270561557 0.7229583263734736 0.4511231225499927 0.23952651775980655
4 0.6269366493726303 0.7242334611890114 0.2891390027490552 0.14948105277740106
4 0.6222269062898523 0.721577654557843 0.27741361965456773 0.15606269004563372
4 0.5967498288990659 0.8443048994522999 0.28923695197396965 0.15188489893124724
4 0.5532418067282879 0.5818549594670392 0.3016479796428583 0.16213018473993765
4 0.4947944291319111 0.30175922485355816 0.3024315734421738 0.1813609539707069
4 0.46414638642902095 0.1375469157696948 0.2361564381395254 0.14430564137300952
3 0.4218403944440147 0.5846044210753909 0.7682798008768711 0.3113183905628797
3 0.35096153846153844 0.149591700587136 0.7019230769230769 0.2984275197423051
3 0.45552884615384615 0.8485576923076923 0.8725961538461539 0.2980769230769231
3 0.38018113711628476 0.32898807883568526 0.7603622742325695 0.3406684653636782