0 0.35249670150056833 0.5583602502081141 0.09175172371278305 0.07077444719188747
0 0.3773866555654337 0.8248794891788835 0.0918076643840422 0.08038983180727236
0 0.36241356857912055 0.2998488891813309 0.06043179787370899 0.058391589751747915
0 0.40479474119211173 0.45198963686776483 0.07731466162189121 0.06820277334377572
0 0.4467773365223812 0.672639999938814 0.07730067645407643 0.06579892718992944
0 0.4281635173857619 0.15366097224944325 0.06286361436318472 0.06322725334181781
4 0.5700238006719232 0.5594346183837099 0.2916485540130132 0.1379999097830751
4 0.5951095470861956 0.7923000112006331 0.25311708971240077 0.1255331384958027
4 0.5908908345370236 0.277960848124689 0.2916765243486428 0.1428076020907674
4 0.6104634390241058 0.4255596306860178 0.27946150123000496 0.10901389952503329
3 0.6314197737697036 0.5418944276061578 0.6572988875861097 0.1879246216275483
4 0.6487563541167174 0.6606750276037103 0.2579527523557225 0.13039677336825023
3 0.635389958718807 0.272635687093011 0.626230694767702 0.2188109949566394
3 0.6537536475450588 0.4214503783724517 0.5970768672296226 0.16559072418349283
3 0.6648840188029006 0.7806715363193748 0.657284902418295 0.18552077547370216
3 0.6847860760887801 0.6650631506757385 0.5561555419429788 0.15549982776768884
3 0.6577937583332362 0.14017240709007403 0.5465681276632238 0.16019563494587072
4 0.6662212050395125 0.13767066144790627 0.2988041518032925 0.1284684390148233