0 0.6318575149805069 0.8045090115721509 0.037877797541129285 0.033771399469117114
0 0.6658924578819659 0.36401683887551084 0.05624480966172986 0.061390360247012464
0 0.6342387741686935 0.8869374239860198 0.03801780563600888 0.036175245622963266
0 0.6623233730377623 0.5486087128278413 0.05087708497451834 0.05143878903574576
0 0.6600262153179215 0.7319146170542781 0.03561395948216273 0.03600715232502202
4 0.7354306685877503 0.547087636471406 0.12324877723877246 0.10198657159911538
4 0.7375093246205177 0.7169202469047773 0.11407712544891743 0.06782844555144589
4 0.7653720570768219 0.3618486593186462 0.15449877723877245 0.10417178447235013
4 0.7275687498840541 0.8875933238278542 0.14588715782843636 0.07962904304006511
3 0.7370785676406637 0.8270769367368475 0.17573707687963874 0.057775794374838194
3 0.7406606283305428 0.7861275054724923 0.2585879108694459 0.08272173573560611
3 0.7520368468271391 0.6524619039871191 0.21730250196942189 0.07265261120906857
3 0.7516523853538349 0.7207193794248229 0.21786253434894112 0.08226799582445292
3 0.7446756891507367 0.881608978434574 0.26367561936689793 0.08786561463918037
3 0.7868214904352381 0.5279326772146423 0.32346804848240207 0.12795754609746007
3 0.7979639882486247 0.3571755536425948 0.35754191892088755 0.13752239073017428