0 0.5844835193325548 0.32083794337821026 0.07044206750495469 0.08241735571348772
0 0.8572669930381939 0.40060547835341825 0.0990392581453802 0.13746043776576455
4 0.38106058151436933 0.35574346295089837 0.10398978414700202 0.20015666200827908
3 0.5655873921021018 0.44507762402998663 0.155148017665288 0.3385003072314424
4 0.44490533828522183 0.4232471811350224 0.10967901947892446 0.22218372587792382
4 0.5721357282237467 0.4587893384824272 0.09928004106422414 0.2021680596770959
4 0.05663929997005298 0.33165703636526406 0.08534671026571948 0.2130099449912386
3 0.3692821336639825 0.41946996364965644 0.18756522807737716 0.4872933892837191
4 0.8499942095338717 0.5749089021290995 0.15431953939695747 0.259369608397034
0 0.3013602136288538 0.4283006496610653 0.07642515051162033 0.11165595804467078
3 0.4412465042985533 0.4804489282210434 0.193156514184385 0.5069166069995178
0 0.15968021438930238 0.42032918858346907 0.09133797355926952 0.12485253426898961
3 0.8213398639941045 0.6360599100533318 0.26594936308728623 0.6470262704053132
3 0.251703832522973 0.5620086459293817 0.18085161602729521 0.3813279342719738
3 0.128101654049725 0.5567107897475686 0.2281898297739178 0.4259215794951371
0 0.3913473487565318 0.2260093051426283 0.05812898906098049 0.07422469603937588
0 0.4784469732665304 0.2762444965211298 0.06823411980093738 0.08702882377866536