3 0.43783937487832686 0.4879447546482369 0.15734345421921384 0.4911139770863248
3 0.8537047594937115 0.47826538038018096 0.14757006998485878 0.642164633796688
4 0.5775027651572076 0.30902305179038414 0.10416236686283807 0.2257397477785257
3 0.5654835343879767 0.3093028024917731 0.14849854043250205 0.30121013093247867
0 0.8678381704486754 0.7558816360792727 0.06060329197654195 0.06384280336666684
0 0.3977413253132197 0.6862071171393159 0.03483274988828838 0.07765042874668801
0 0.5324126903956088 0.6842758323606832 0.03874475472390852 0.0585315597964744
3 0.29987841795206227 0.6259171476802882 0.07677170515880136 0.25631834609519244
4 0.5726029954795918 0.617162960604914 0.0661420442826404 0.1312064458146368
4 0.4544786511391032 0.6126929790169868 0.08006461093002439 0.17235158113141033
4 0.8673803849305965 0.5910503241199779 0.08699956098388793 0.21813655833504286
3 0.578553316469855 0.5640825197293264 0.15833784691590472 0.3062416238012822