0 0.24024636641676625 0.3797261036565465 0.029027961027746203 0.032425390698973405
0 0.31352171860562955 0.3695271138351174 0.029055931363375774 0.03723308300666572
0 0.1790182153327633 0.39424303966109575 0.029083901699005345 0.04204077531435802
0 0.14553219119269473 0.42446048265605185 0.029097886866820202 0.044444621468204173
2 0.25494914669613916 0.4272153313839829 0.041284939649828475 0.07378052143893016
2 0.19010124121355212 0.4394753450720576 0.031599629195369926 0.06136949377004168
2 0.31862309943743256 0.4198119846160577 0.03656115834902502 0.08800769991217823
2 0.39193341454583286 0.41562261017924396 0.04373074130711912 0.0810900091253832
3 0.2550260651191205 0.44043648523013673 0.061019174921930416 0.1611025767767074
3 0.31989494835342963 0.4317822407728312 0.05868525460715833 0.17302385832102374
3 0.3980129557695223 0.4273969678861886 0.06347896174703571 0.17081591061700643
3 0.19384686212246935 0.4633668827731475 0.05143176064217537 0.16551847218474186
2 0.15543427174828264 0.47334753191024015 0.03889507866379711 0.07608641836786188
3 0.15430926709434095 0.4866176603688513 0.05379365129257717 0.15840488294811783