1 0.813553315373777 0.8371388389957792 0.16127854644431275 0.1333325511451924
0 0.7422189157539206 0.7220070041814631 0.08515580530033326 0.07876943155224361
1 0.6392853035538406 0.4282082569576918 0.13581872710058435 0.08234823065192319
1 0.6917546584901675 0.62806218362954 0.08610243089832728 0.059594612461752336
1 0.5153173278034686 0.09516567424754231 0.1038042540720722 0.10319954407264967
1 0.6352628544665063 0.5499102134984504 0.10161842323829344 0.07435339022649583
4 0.5842922604697242 0.6558482996275636 0.1821845515510018 0.12422071779230794
4 0.6131039709735688 0.7659496465121257 0.20126903096287527 0.09107042290096191
3 0.5567046626429251 0.7684663978855765 0.46817051835752277 0.193266884204808
4 0.47263751453465114 0.4694123572318907 0.27589868880041624 0.15759682312286352
3 0.526399868832642 0.6704402319105232 0.46168759017391064 0.20271441839935933
4 0.5811640622627815 0.8846892604353095 0.3927046619902985 0.2107072489466885
4 0.434487906494474 0.6015409754220615 0.3442992965249979 0.17358650397371825
3 0.5083379987447634 0.8610994049581193 0.7691260197955655 0.2698602899205134
3 0.3858078927666745 0.48347376812126047 0.6362217338066863 0.22597359773012882
4 0.29787967794870185 0.1652449083770831 0.37230925184146846 0.25822467062083365
3 0.3033428356248725 0.1622596153846154 0.6059570609718187 0.3245192307692308
3 0.38595560199384693 0.5966503628430019 0.6360037184866191 0.25476380143600486