0 0.3791478654737208 0.70401583037675 0.07098679767180098 0.07829944933098432
0 0.10984336337744639 0.676637518376373 0.0993421925455852 0.1325841456643976
4 0.5873746957791022 0.6296851463594096 0.10204017669712041 0.19494413756951773
3 0.4075765964808444 0.5755619235113056 0.15149027273948035 0.33179965170297865
4 0.5272783435668654 0.5745711341519326 0.10881011142995949 0.21926261529773888
4 0.40144429135313664 0.5627607939497911 0.10002877902830362 0.19961182178233045
4 0.9109617622133469 0.5928952154916747 0.08177913101010777 0.21051098779252306
3 0.6023862470636403 0.5630193447491213 0.18529079116000538 0.48209818609535826
4 0.12907353750996695 0.49967480987892104 0.1522264111980348 0.2528927529106949
0 0.6723675442671158 0.5410002678912018 0.07574533473582298 0.10728561127201804
3 0.5343915715410638 0.5167388183647452 0.18926443125396894 0.5014689634210072
0 0.8150774764353549 0.5219224826009878 0.0909533086289586 0.11774104445668133
3 0.1620158228270938 0.4331608706339576 0.2627529888347903 0.6397245585032656
3 0.7318254734098896 0.3987770290705296 0.17886454640069124 0.3740651172671611
3 0.8602104407763093 0.3793373692726711 0.23228867926918076 0.41306297956732835
0 0.5669669778254107 0.7624567172004671 0.05597504802117989 0.07024786230016744
0 0.4824642932115182 0.7279035511251172 0.06897540000298417 0.08296713354379702