1 0.6802543949057214 0.1057821301807166 0.08297443564895755 0.09012121142674992
1 0.8081372509620558 0.12394264268370504 0.09153072049402493 0.10968786345954618
1 0.2551010156294294 0.2509910787693431 0.08331062224483993 0.09492890373444222
1 0.532123413189566 0.19467839918806257 0.07403142422533754 0.09928875230609845
1 0.06660892919171278 0.34900222211638077 0.09220309368578966 0.11930324807493083
3 0.7111676483433992 0.2719537504009522 0.23749184275399615 0.4495324864786211
4 0.7178831435860793 0.3162569628460925 0.14947460816680463 0.28729589043648657
4 0.7146135609511924 0.32123259655479836 0.15601377343657838 0.278016388623129
4 0.8399244775557395 0.3371012238379496 0.15204654761859177 0.2898116975243417
4 0.5825530824712251 0.3985278313317735 0.1625023987236821 0.30227877202960857
4 0.3094473707464047 0.4763631653636605 0.18173316795445132 0.3031744595016806
4 0.14962510818193575 0.518776297640038 0.14577655561209973 0.23441127505187118
3 0.5990097523195257 0.530403486991285 0.31256477346684075 0.7693033193345117
3 0.17099878697823445 0.6347470509645269 0.300982809258833 0.7064674365324848
3 0.8545673076923077 0.47596153846153844 0.2860576923076923 0.8701923076923077
3 0.3495222688883141 0.6011095962984664 0.339679454350913 0.7801502742239954