1 0.235019181559999 0.17359625587074484 0.15781639181314602 0.14462833958031673
0 0.304843447216362 0.2909673207399843 0.08265382154923027 0.08456446875088758
1 0.4043818185378986 0.5879945237953271 0.13078668719090858 0.09245307027855901
1 0.35401125030601166 0.38779822995996344 0.08243005129020932 0.06533369952011835
1 0.523612485249435 0.9259175520771231 0.10216430360377557 0.1098352939773406
1 0.4101808072393679 0.4670624294090932 0.09945277334377572 0.08323894082403417
4 0.46060479184006786 0.3622013298974939 0.1769632471967824 0.1386491648067699
4 0.4341056995176909 0.25241077563392794 0.19583038975664271 0.10863152849476151
3 0.489352204132586 0.25234805200613464 0.45670448207901965 0.23344151520572567
4 0.5709176718650316 0.5530276064116777 0.2711328164324466 0.18071463009342145
3 0.5193172092738442 0.35035044369196827 0.4496048287469918 0.24259476343811343
4 0.46879279898888043 0.13693299601045072 0.3847009825931455 0.23843553599114164
4 0.6102306503084591 0.4222329177101984 0.33626043284531365 0.20410462677116242
3 0.5388399928389502 0.1702464682255743 0.7555646010625158 0.31985084467728847
3 0.6572743200680389 0.54294824300764 0.6206135610585999 0.282378145015193
4 0.7415865384615384 0.8581730769230769 0.3629807692307692 0.27884615384615385
3 0.71875 0.8377403846153846 0.5576923076923077 0.31971153846153844
3 0.6583495303089486 0.42891959616094666 0.6185173990109074 0.30866640724650185