0 0.19023660374571444 0.9208072960644013 0.0423346229891013 0.03867646514467428
0 0.12959145024950136 0.427666003890167 0.04733821374662254 0.04379224837436487
0 0.10754867739145951 0.1997018744356422 0.05234180450414377 0.048908031604054984
4 0.13029135677152567 0.2626174286992081 0.09830872910196405 0.059046433824573634
3 0.254477247559667 0.9116683469347198 0.17679899362367216 0.10243742703807858
3 0.15312789523306417 0.26408086057869823 0.23238130283687702 0.11319201110259304
4 0.26203160830840605 0.9037170217792551 0.10620591213790356 0.07633549328449345
3 0.19137927329715052 0.41957493237640964 0.1896018181922185 0.12243842357384256
4 0.2061941471198852 0.4108838205270188 0.1186169398067922 0.08672110520487294
4 0.19313008891528408 0.19916087291648973 0.1398597582917498 0.07849212973847895
3 0.23122227271167228 0.18111588525428124 0.3200951550743119 0.14758380154470932
0 0.37368597285938804 0.8843608052928994 0.08996668441046733 0.08968025198057789
4 0.553752003570071 0.8717987305988601 0.2612723411520459 0.17498266501973567
3 0.6334134615384616 0.84375 0.6514423076923077 0.3076923076923077
0 0.07691909388848353 0.6556624163614166 0.04213872453927245 0.033868772836982246