0 0.7342785910923687 0.6368906409467954 0.03340663645398551 0.03583905902708077
0 0.6612389337109903 0.6462709189316383 0.033714727375983244 0.04064675133477307
0 0.7956071086265142 0.6218622041645544 0.034022818297981254 0.045454443642465384
0 0.8288596996195005 0.592797417037789 0.03658070991282614 0.048026383094252785
2 0.7180517083510792 0.5886708945632663 0.05285233236789056 0.07788109672805345
2 0.7828319496549947 0.5762984438817831 0.04021691975466432 0.067425245622963
2 0.6548585037765837 0.5951177765091045 0.05137275898003843 0.09213608035318926
2 0.5809250142402802 0.5996063155372847 0.05571831490473373 0.08526072848753302
3 0.7176200125791509 0.5765676171450649 0.08468623119516175 0.16386473839002108
3 0.6531478621972329 0.5841323755188557 0.0856105039611555 0.178287815313098
3 0.5756856261606595 0.587166851523201 0.09011010534685007 0.1738163096012882
3 0.7782857661498694 0.5530416721753918 0.0777827836556213 0.1681681508038902
2 0.8163156088394797 0.5436278875242486 0.04819868552119726 0.07994875628601725
3 0.8172398816054736 0.5292048106011717 0.0774746927336233 0.16336045849619787