0 0.1352011589533072 0.32048046140814673 0.05813983306238119 0.0802832712001914
0 0.313714305534439 0.42946875678438173 0.11883734912457132 0.1871488581875701
4 0.10572567255548754 0.42697344119266645 0.08972547708993629 0.13979568412593607
0 0.5702965114443116 0.5526226998595939 0.021802437398392955 0.03010622670007174
3 0.10302114529362325 0.47851612540547905 0.15151383624168052 0.4341612711133149
4 0.572476594913121 0.5912242464160121 0.036351380831802955 0.05258089065396568
3 0.7056523085987311 0.6398600802972237 0.06582686722962286 0.16243406471559999
4 0.4894739767663548 0.5984131979118908 0.031529703356296 0.04989702831036005
3 0.5650832492699902 0.6220542221313727 0.07320622770493876 0.19170024284639317
3 0.48572136327353016 0.6234435703849558 0.05122198312495344 0.1303440161463213
3 0.29949321218952724 0.6005737122625431 0.2940400177093434 0.5626140564035288