0 0.45301270368984237 0.8265459834192961 0.08252340071826772 0.1006341051899988
0 0.8338704567091331 0.8666961085641456 0.0874711011208399 0.10331796753360442
3 0.43821701956390646 0.7370436433474694 0.21218884178061942 0.35254680143653516
4 0.8480609345242306 0.7812777117847223 0.10754191892088755 0.11886110921571949
3 0.8401612098587383 0.7484757684705996 0.21825660694222976 0.37446143301091
0 0.3272330480480195 0.5796509916227716 0.08917490680028696 0.09143874485925352
4 0.22941095902606118 0.5248418257211745 0.1746621860519199 0.20182824275951652
3 0.27590149755275706 0.4592723803290343 0.2854242911550421 0.3759778135136976
0 0.7379655502346331 0.43347933130365396 0.10541808895680085 0.12352879342853193
4 0.7548398903933363 0.3530086349268027 0.13155667191845913 0.160986566685022
3 0.74318253413175 0.3379555215767668 0.20626108471388896 0.33303601601600646