0 0.6251211028144292 0.42370071310958907 0.039197280187927126 0.04056165988473491
0 0.6207052638935175 0.6063111624840118 0.03978595291547102 0.04777319834627337
0 0.6197974788142836 0.6691611827212113 0.07500959300943458 0.06896408090535945
0 0.6163393736806075 0.5232384620814398 0.04400497249561944 0.040841676074494515
0 0.5952696468660328 0.3095061665314517 0.04498609370819268 0.05286090684372528
2 0.5137347051456124 0.43501878182919057 0.14530980419851694 0.08023585411841119
2 0.5117227123785468 0.6174892231087336 0.12029022144748215 0.0668165424003828
2 0.5037510529348677 0.5346265348484812 0.13069050303292548 0.07699195939528636
2 0.4816020927864621 0.3076730854523393 0.14329840652970013 0.0849035383312237
3 0.4531234130713368 0.4470024497870862 0.3822111417293727 0.13948971624482548
2 0.4558208021246234 0.6871651987589369 0.1979490400969476 0.10961833180319375
3 0.4291337100443796 0.5377648627128309 0.42567659674111813 0.14441370810650758
3 0.4186115321801755 0.3053036805345979 0.43107296177635435 0.1519052627578055
3 0.37489950748574785 0.6870477776297168 0.5692695380006734 0.17430880108902913