0 0.6850173313035994 0.28446304584301124 0.08511994254974772 0.1135520624571931
3 0.2643234841886765 0.4561517992958202 0.16995298309481027 0.47575937853085715
3 0.6630335033387607 0.4641379108473436 0.18175419854397362 0.5052779055687756
3 0.10035986721893862 0.5139023236793233 0.20071973443787725 0.8980628484506751
2 0.5558429147642628 0.5218466918895814 0.1509373903675551 0.28792319193497495
4 0.6643071519168551 0.5262176776024908 0.15756660837006328 0.3122978400693187
4 0.24474492178596036 0.5567518811701413 0.16900351868026348 0.3370086747995448
4 0.41441615957688865 0.5580384108624747 0.16270274306613294 0.3485236256749521
3 0.816787161491897 0.5334885526881046 0.3239869671435521 0.8045479550812167
3 0.41814886784298433 0.5876662545406989 0.2224044066558443 0.694626931846128
3 0.5740345627040212 0.5815478824822177 0.1846356157216465 0.7326347303965133
4 0.09757094573428328 0.6784817385688144 0.19514189146856656 0.6382288305546789
4 0.8271462489439476 0.6965551278961255 0.2591133061071851 0.4533007700064663
0 0.10202613740721206 0.17110210680933474 0.20405227481442412 0.20575515614298276
0 0.8455299853111237 0.2015056435104237 0.23601863135016396 0.27474378143008643
0 0.5879900044612077 0.25538122539987584 0.06388549505468132 0.08576500838135637
0 0.26514600956789686 0.28752111193937196 0.07459379508695531 0.10086045849619782
0 0.4403714813197365 0.2943970237714681 0.08566640025819247 0.12076360091873156