0 0.36177884615384615 0.8229700042735034 0.0889423076923077 0.10906506667234613
1 0.02283653846153846 0.7269019527358946 0.04567307692307692 0.08946532529744153
0 0.8028846153846154 0.8283565083340411 0.06490384615384616 0.08108230437004894
2 0.5685096153846154 0.7556355561660547 0.16346153846153846 0.19797509134792898
3 0.5673076923076923 0.720856809665785 0.3076923076923077 0.49567935746940467
2 0.3786057692307692 0.6848724552772799 0.14182692307692307 0.2038002206604767
3 0.7560096153846154 0.7352065486696746 0.24519230769230768 0.3065780216372781
2 0.08774038461538461 0.6121658022119997 0.13701923076923078 0.20829982204617126
3 0.3894230769230769 0.6385061737797078 0.25240384615384615 0.492136311866429
3 0.15865384615384615 0.5871887688048382 0.3173076923076923 0.4650455393134006
0 0.6105769230769231 0.9151993759831883 0.07692307692307693 0.09146791629042803