0 0.9230769230769231 0.31242366474069355 0.10096153846153846 0.10934787078293641
0 0.6346153846153846 0.346326726239996 0.0673076923076923 0.08972550359888078
0 0.42427884615384615 0.3859465467242631 0.09615384615384616 0.138138082064335
0 0.5612980769230769 0.3947524482813251 0.09134615384615384 0.12846675488419515
0 0.10697115384615384 0.3762447220658035 0.10817307692307693 0.11423947693776157
2 0.8954326923076923 0.5789289180702741 0.18990384615384615 0.34355588515398483
3 0.8846153846153846 0.6189903846153846 0.23076923076923078 0.7572115384615384
2 0.4026442307692308 0.6380986513367108 0.1875 0.3579509907946843
3 0.6310096153846154 0.6478365384615384 0.10817307692307693 0.6995192307692307
2 0.5612980769230769 0.6591755252044021 0.15625 0.3551835179699289
3 0.4014423076923077 0.6514423076923077 0.20192307692307693 0.6923076923076923
3 0.13341346153846154 0.6505908677104189 0.2668269230769231 0.6857971200362223
3 0.5600961538461539 0.6634615384615384 0.19230769230769232 0.6682692307692307
2 0.12740384615384615 0.7034055548890901 0.25 0.4428128595211175