0 0.16578374125987677 0.48539679387209667 0.08753608182846666 0.06588284103706243
0 0.2012387468260992 0.3366800020809777 0.09474762029000505 0.06596675488419515
0 0.22292613071076103 0.2900287723399985 0.09234377413615896 0.06593878360181768
3 0.1906359635399937 0.4472009825931455 0.17685633023675779 0.07412931694657242
3 0.1428672198464559 0.6931896297679009 0.22897484257012207 0.10596671387650229
4 0.3794587560459358 0.4241423580032143 0.2900788383255652 0.1258967651667116
4 0.33731657621138783 0.654561947742725 0.34877898792716205 0.14579884517454317
4 0.32760076540555255 0.771106529280697 0.3470050429666217 0.15779010466139645
4 0.32850818112439106 0.8685322267174101 0.34598697943804824 0.18420444107132666
4 0.4547764151278958 0.3179823713460111 0.3000721636569332 0.1332201887577604
4 0.41395702779928994 0.5231615764701372 0.3471310232052829 0.1601939508152426
3 0.49945187176096767 0.38344564314740937 0.7545148453532332 0.18655571292167367
3 0.45888955571932616 0.6066676800665705 0.7949920676333503 0.22546479190125376
3 0.5044008767362473 0.44964931186650026 0.8296537556964858 0.24508715908530967
3 0.5396090326347897 0.3285907364858007 0.7446372786412421 0.2272812411251703
3 0.4489371168650948 0.7965715262204166 0.8515403315584235 0.25014659293440045
3 0.5145406255448449 0.531547908791535 0.8340835072881945 0.23793156318852646
3 0.4823134484934082 0.687518195967759 0.8419249469430388 0.25003470780488996
3 0.45072115384615385 0.8762019230769231 0.9014423076923077 0.24278846153846154
0 0.08823587395313612 0.5193714677079713 0.08715814111248313 0.05867130257552397
0 0.07651971175764855 0.7429291600156637 0.11182650384425047 0.07097024616853094
0 0.09137349789675532 0.6889824779660132 0.07488694986593007 0.053723753855943704
0 0.14565577792955314 0.43344837438181716 0.09183985318151432 0.05632339898643306
0 0.11709224941857413 0.5654081713019571 0.082476429043452 0.061019206164614884
0 0.10704615558715964 0.6194107959163628 0.08272838952077431 0.06582689847230719
3 0.13972959590283668 0.5235786195098591 0.19962476776932356 0.09601567387258624
0 0.16804116393649338 0.39642651489741143 0.10195915875154352 0.06605066873132802
0 0.08539454736999248 0.8260156943764329 0.10005923355234202 0.075638082064335