0 0.8223736487491821 0.6513021211914722 0.062159626061277444 0.07340862952551347
0 0.3178579058551254 0.5767312212283849 0.03852241968367555 0.0407722203765227
0 0.6588959687792812 0.603413368997929 0.047120367294204775 0.06286897214413496
0 0.22332153704176824 0.5453290181730421 0.06681327290797075 0.07131287429366519
0 0.5863488883919684 0.5866957516682301 0.05852341621943953 0.05402381483374523
3 0.8829300965726767 0.5538066056024102 0.1821619204645493 0.3396479689638531
3 0.6237911474429952 0.47323670454610156 0.1191389028594152 0.29012375551580216
3 0.3210910181304473 0.43211533834511834 0.12089428415254079 0.3548735562086496
3 0.7259080268620258 0.46167776775421154 0.1888181583042291 0.36880221373200495
3 0.40075647274043685 0.4130833542891228 0.1300798154016532 0.2740670597438741
3 0.2031932508447616 0.3509417121418639 0.21886439282164982 0.4640926683419944