0 0.7009169795660986 0.1924327624437795 0.032707220555852685 0.021781684383459954
0 0.701426155115681 0.23300381069539208 0.032707220555852685 0.021781684383459954
3 0.6855279262614585 0.23788503750250667 0.08020182317374519 0.049548406529700204
0 0.6711973450313989 0.15902409741003523 0.027899528248160374 0.0213892358984306
1 0.6536984446189814 0.058920990417977714 0.032707220555852685 0.021781684383459936
2 0.6580299853111237 0.2066839943800939 0.0800196706042636 0.04714456037585405
2 0.6635290057378801 0.24445874799283102 0.06523228854222378 0.041159522613073755
3 0.6457375256876705 0.21127088482343648 0.15377442834498248 0.07466590303590952
2 0.6267455419688145 0.09934477130466288 0.06282844238837762 0.040963298370559044
2 0.6145082958795166 0.07167596291359704 0.07003998084991582 0.041551971098103074
2 0.6248867341151366 0.1711658195562755 0.08020182317374519 0.049548406529700204
3 0.6045644688757545 0.10832232794883337 0.15341012320601932 0.06985821072821721
3 0.6124121219222018 0.1781565561534642 0.15617827449882865 0.0748621272784242
3 0.5948221452250434 0.07925537223832979 0.1587642732221564 0.07746219767478503