0 0.6709956211853262 0.7291570515927357 0.1633100717756406 0.11444182731760168
0 0.6173002799977195 0.6766683232512203 0.15862224476196557 0.14299413348901224
0 0.44093959189451554 0.09820868125090411 0.1712724033931621 0.15069541807512282
0 0.6609574379041293 0.9155796101186768 0.1821496437324783 0.16551029189785774
0 0.4641754980068364 0.6512667528508409 0.23734766127763493 0.1941074825382831
0 0.5130767674915226 0.8269168881534893 0.21246796258988573 0.18351260567375396
3 0.30025356920192275 0.17391557314943476 0.6005071384038455 0.3478311462988695
4 0.2444246237948003 0.13810684404747073 0.35128953295170895 0.2370746853458862
3 0.4567307692307692 0.9014423076923077 0.6201923076923077 0.19230769230769232
3 0.3361554346413805 0.6664101870131529 0.5698880662658113 0.3537693448365201
3 0.37674839723126624 0.8429194231055239 0.527941713913105 0.2849924141551111
4 0.4074519230769231 0.9206730769230769 0.37259615384615385 0.15384615384615385
4 0.2783557922142434 0.8544795302715743 0.3061275185965808 0.21367698391281073
4 0.19820452272955713 0.677556055045038 0.27196260987478593 0.2338423609237094