0 0.2305593361315699 0.744947118428253 0.19398820639412406 0.18543320808500058
0 0.3595847314144225 0.7336582150427788 0.1455196323352566 0.1660866802348545
0 0.6224711893579589 0.7101304456722294 0.15105467646655987 0.19758864071217686
3 0.8316947546482368 0.4587565450698664 0.32218741378044935 0.8452004331482288
3 0.2005172888427881 0.43289827088285115 0.27813488104732975 0.8092789426984819
2 0.6376546178700317 0.41970599189215885 0.21696964490160298 0.45073814667870565
3 0.6087245388134612 0.4217999982589942 0.26332015314230833 0.7916961381895918
3 0.35729881517542705 0.41825044793428795 0.25387261894775703 0.7984037556964856
2 0.3236449690215809 0.4164867245930317 0.19265143266175253 0.43745911352286326
2 0.8264694461665596 0.37304206589234445 0.2899822416395303 0.5962184966768022
2 0.19551578092222194 0.3375684070899447 0.2406744154764962 0.5408142765189639
0 0.8090200369732365 0.7608222889031843 0.18280822772906 0.2208609991993871