0 0.31212859781965385 0.4213934612126746 0.12747841047157069 0.10315425089783457
0 0.3795122738533473 0.24906287411670014 0.12471025917876137 0.09820655049526247
0 0.4396650606419329 0.140294202002769 0.11731656814774133 0.09538268005677704
1 0.2935325237655169 0.5712138215434199 0.08737749888469803 0.07927950599514287
1 0.29318473059357 0.6713934612126746 0.1093764194082766 0.08534727115675321
1 0.2974072636256787 0.8068488943973379 0.1128731809790122 0.09991035617471002
1 0.46877734630092605 0.5367532464811695 0.09644642579163797 0.07262799991312349
4 0.5776252393760508 0.4863532139930547 0.37015928375827517 0.2106250441960517
4 0.6384707736919769 0.3365791491688592 0.32171805554238897 0.20301718999076412
2 0.5315850184974574 0.6478546391262765 0.3154531426788441 0.18350640457023543
3 0.6099860861682331 0.4894452463508547 0.7304106032633739 0.3536623798946516
3 0.6442982365071107 0.33933301555990486 0.6854661366182234 0.3606176107073208
4 0.7195116342119587 0.2229909304767907 0.38068543122106774 0.22320430734480168
3 0.6744760912820673 0.2119173151356136 0.644054294294394 0.3510259346328262
2 0.5390131528707867 0.7569377686660719 0.33854497861931204 0.20399724665492242
3 0.5811550248808188 0.6628140398879824 0.71230861220008 0.33585540015357024
3 0.5604656156859205 0.760601687673836 0.6855019993688092 0.3295076188022007
2 0.5352776057881378 0.8858935581340405 0.33242635557466305 0.21800029929336026
3 0.5456730769230769 0.8497596153846154 0.6538461538461539 0.2956730769230769
3 0.6840664474807762 0.5951670600383052 0.5647632339680567 0.31529567559667354
2 0.7120929147642628 0.6076644648691703 0.2814349913860349 0.17673859893422625