0 0.3554652073518513 0.29147279457364256 0.11607438584800547 0.12456646182241553
0 0.4561679443926626 0.5859762314365211 0.11282930254487165 0.11479703174603205
4 0.6394933600381046 0.38809430432745395 0.3752081291961534 0.21766431215038282
3 0.6598557692307693 0.7367788461538461 0.6754807692307693 0.39663461538461536
3 0.6262019230769231 0.3701923076923077 0.7427884615384616 0.3701923076923077
3 0.609375 0.18870192307692307 0.7764423076923077 0.35336538461538464
4 0.7548076923076923 0.7596153846153846 0.4855769230769231 0.25961538461538464
3 0.6802884615384616 0.5348557692307693 0.6346153846153846 0.29086538461538464
4 0.6392252981949427 0.1778043479853464 0.436265385485612 0.25982294167589626
4 0.747334082288674 0.543144223656187 0.41670444167350407 0.22749462344890353
0 0.4211301971296994 0.7380956021949617 0.18046716943390295 0.15020625919300393
0 0.3569657036182327 0.4605892753783676 0.12662145160598265 0.10850976605048733