1 0.4927271318227565 0.3019000724195353 0.11536417214604701 0.0977865262106232
1 0.7206413639835427 0.3523204487228489 0.07476096962726878 0.05468101207716226
1 0.2039557535742072 0.25632295123524923 0.10056315450698666 0.08973493917980611
1 0.6030997521127616 0.3730342787955312 0.0704571982742214 0.06401638050278727
1 0.32963842326755943 0.32235759484334814 0.08968796750499035 0.06513644526182542
4 0.8858173076923077 0.5588942307692307 0.22355769230769232 0.4254807692307692
3 0.8557692307692307 0.5949519230769231 0.28365384615384615 0.8052884615384616
4 0.6944475663625409 0.6527549224470683 0.24888994189786912 0.45066076091869817
4 0.16314479786249453 0.5750781415735194 0.2926528720024602 0.5083293600701158
4 0.43205039487732666 0.6302825016436352 0.2803919023751913 0.45728855845982747
3 0.4411057692307692 0.6177884615384616 0.3245192307692308 0.7596153846153846
3 0.16687654733192492 0.5776919998696852 0.31359625647806477 0.7707686151239859
3 0.2790282233921124 0.6141804491572315 0.299183401174272 0.72439549772651
3 0.7055288461538461 0.6550480769230769 0.31971153846153844 0.6850961538461539
3 0.5649038461538461 0.6514423076923077 0.2692307692307692 0.6923076923076923
1 0.9335332828857991 0.2532823392030616 0.0905698291756185 0.08196336833874857