0 0.2883747204016275 0.23835217753301075 0.19948620683519827 0.1909807040755855
0 0.30622567221082186 0.4739291006099338 0.1638286824170548 0.16434260403387066
0 0.2945957749972301 0.8595086604493899 0.07000411809933027 0.06768529183869167
0 0.3310328650026252 0.6903242025434394 0.06392135780526687 0.050830398426139296
4 0.38158677914284234 0.7074378215605658 0.1008898129603671 0.063059406712592
3 0.4151495490119477 0.7064316908330499 0.22195702074949702 0.1070139107047477
4 0.40331530962875173 0.8673495314625943 0.15927486818001546 0.10424645018771682
3 0.4464755327379489 0.8820173488224301 0.4106603632346966 0.18740370653559532
3 0.5222448030768748 0.518436018730774 0.641396570069895 0.37856621779277305
3 0.5829326923076923 0.24879807692307693 0.8293269230769231 0.4639423076923077
4 0.5999875665626189 0.5297008517931553 0.35857892244573225 0.29282330810945606
4 0.7175480769230769 0.28125 0.5600961538461539 0.375