0 0.5838565866914673 0.2063960201216042 0.051403821549230275 0.08138385680012647
0 0.6961389159281105 0.25421988984935684 0.0853653518092301 0.10919745364123642
4 0.4446013374626561 0.21513804199964312 0.0709702461685308 0.11101360444559595
0 0.5000296554130057 0.22941010494190622 0.08030591796013936 0.0873669398067922
0 0.32547109643538347 0.19827032459714716 0.08547723693874058 0.11881283825662112
4 0.39779626566860016 0.2192376474984268 0.06132689027076857 0.10821796139209201
0 0.7688696687558025 0.3100429819814057 0.09249297642363584 0.10227976285444139
2 0.666986762106431 0.43323501146393056 0.13987230157174663 0.2507754135124313
2 0.4543862339029344 0.4365857358282326 0.13777613952405415 0.27711977197982446
2 0.28477522364489255 0.4176610847025332 0.17400165952601224 0.2930120872766182
2 0.7406685385349616 0.5707888728267486 0.15966249645006825 0.2996359303886699
3 0.5468512390441926 0.5364616525288278 0.24438787702586934 0.7668105625031543
3 0.6262019230769231 0.5745192307692307 0.3004807692307692 0.8461538461538461
3 0.4318302503304861 0.5630100897329343 0.29020081036083434 0.7806908285457597
3 0.26574109545608066 0.537020823983068 0.331849390882792 0.8496636576769976
3 0.734375 0.6225961538461539 0.28125 0.75