0 0.7155524119905602 0.6551746726361932 0.05730312131683162 0.05930103761895658
0 0.3829554963125962 0.6552466399704107 0.07910562501631119 0.06473823294142442
0 0.5287659373287329 0.6401976731232225 0.06881868714146987 0.04522768459297693
0 0.22406508489229593 0.6322537370325771 0.10862333212192173 0.08480833952522761
0 0.6342718979586356 0.5758919706851068 0.09263585061931952 0.1083571876077526
2 0.7181852152826391 0.5110138481848434 0.0779914756356307 0.17036757415181605
2 0.5317764893292563 0.4852195409795652 0.11455283288791553 0.18583982276618563
2 0.39479923063874156 0.48800447032955413 0.11522438614737222 0.20507059199695485
3 0.724351281315087 0.4375916233234065 0.09902326566177887 0.49757043019257097
2 0.23046010806297665 0.41474063249921006 0.11997866870931667 0.27244822908406674
3 0.4025029963778408 0.40493188846302275 0.15724977271036358 0.5833137755038351
3 0.5241070875406517 0.3953900617177222 0.12292437329706073 0.5631037793611926
2 0.6519306544816583 0.37966375763925747 0.13414991316009733 0.26565635929904524
3 0.23671011825285654 0.34356588931532434 0.16600284041736385 0.6871317786306487
3 0.6471954686643665 0.31895580298264853 0.16225588774460428 0.6379116059652971