0 0.5459112839072083 0.5694228337166725 0.03519393519752366 0.028598944146293066
0 0.5458186928941088 0.6538655400232857 0.03745777325648994 0.026349143453446053
0 0.5003652392333358 0.41932219545958055 0.04508933600266774 0.034022818297981254
2 0.529505506690155 0.685393190334215 0.07944322263091272 0.04819868552119726
2 0.4979162191481702 0.585649716457962 0.07689936838218682 0.045640793906352235
3 0.5148024135773185 0.6892766098759135 0.16752177321305176 0.08018662980946746
0 0.4715890894346218 0.41627172685067 0.032370064759038156 0.021233360223755736
3 0.4869589033609828 0.5873603580373129 0.1899964371669457 0.095996115881535
2 0.49704172934278684 0.6628038615725375 0.07661935219242721 0.04083310159865979
3 0.4812067172004672 0.6654083353068134 0.19184025094127277 0.08653477672714925
2 0.42239210159866053 0.4324215868614601 0.0746355303232204 0.047890594599199525
3 0.4068371056461004 0.4302183682880439 0.17699714973355649 0.07839896549961704