0 0.5216375908758588 0.8972331461870731 0.2444557725015875 0.20243064794177348
0 0.5558049883291635 0.4344088363612718 0.24587849744286044 0.19046736731282066
3 0.4854318377389075 0.6326691889742526 0.9218000769379974 0.4173361672873938
3 0.5804804843745076 0.22063437908979752 0.8342313389432925 0.43209293517403913
4 0.5503832522077606 0.19103289834989362 0.5577894279831506 0.3080940080647441
4 0.3625167699071466 0.6189704490576393 0.6844571356784424 0.390218438155556
3 0.33052884615384615 0.8137019230769231 0.6610576923076923 0.36778846153846156
3 0.34711078647675025 0.37380511149642126 0.6942215729535005 0.38155420592489375
1 0.15396983541966072 0.7721971316045407 0.30793967083932144 0.3136250324398506
0 0.8137043034699178 0.7270126950814645 0.22242870863194278 0.19711940437158132
0 0.9172153685215668 0.28506968362462687 0.13289772821209092 0.18783771071976504