0 0.10164769241001077 0.7220918469022575 0.11591844996638864 0.10293362512410144
0 0.7055726352607514 0.7133928596353887 0.08007059199695486 0.10951577422524778
0 0.8728497772913177 0.7090974918770019 0.08494822908406673 0.11200353896047943
0 0.3126008720595334 0.6632423051925337 0.07738696672543058 0.09985843031917013
2 0.7141095114405961 0.5439846447252741 0.1006745331625314 0.23961718156778963
2 0.21925406581859455 0.48243543581258924 0.08440716832096443 0.25855423576370906
2 0.8818634051003075 0.48197598962923327 0.12639166940706112 0.29772908216702565
2 0.3140882098995969 0.44681223276499427 0.10830574030058698 0.2541661363629451
2 0.09975679756188417 0.42256124500425424 0.19951359512376834 0.4312833179307347
3 0.22354642101676744 0.4175735489494359 0.12642866435156888 0.6292920142350235
3 0.714853180360628 0.4357696085115044 0.17371047120129454 0.6853777022966488
3 0.11298076923076923 0.3927439441799879 0.22596153846153846 0.7849004582902762
3 0.8697485058980743 0.4023973108081532 0.20932277117888715 0.7532728246740408
3 0.33446020616399663 0.3665980812913443 0.18204112613354523 0.7239651186302658