0 0.10036877153970845 0.3055577450330065 0.04118704347512493 0.057668599151417595
0 0.729191310871607 0.30620524360656254 0.08217829460084267 0.08168335214898903
0 0.041586422112996055 0.32821871258832996 0.06776920284558059 0.08324714973355664
2 0.6358398881543288 0.3801751746914889 0.06577092655836345 0.15281868010021535
2 0.4327218807382361 0.39320778178575233 0.08495974028568845 0.14672720639771492
2 0.34978219584663645 0.39683613798218126 0.08236010178243501 0.11293335214898903
2 0.5493993227905707 0.4020423891840836 0.08976743259338076 0.14700722258747453
2 0.22128131537447818 0.422355417212095 0.10909609799885349 0.16495421042343578
3 0.44497186677641104 0.4321712028498151 0.11977435536816267 0.3482065504952624
2 0.8611239473319989 0.45722864858946133 0.1429037809986623 0.19335663144406004
3 0.35742727451043355 0.4709353444667727 0.11544215876617336 0.4296573035362722
2 0.7037139797585202 0.4736107172656246 0.1597446892434003 0.19674053426206475
2 0.052096857468527644 0.4815048340549648 0.09966252056506122 0.19564417804391654
3 0.5570653792060901 0.4797473648994443 0.1371606851576776 0.445340453313267
3 0.2338249899367638 0.5117996075069269 0.1880470242550759 0.5179921617672806
3 0.06698144492949286 0.5599917085626092 0.1310819452891376 0.6396319674901663
3 0.8497130713627119 0.5624959967561679 0.1887043271423714 0.6309729309980499
3 0.691185091719199 0.5933711464028479 0.19126201014218006 0.6575552467852372
0 0.3575383544978025 0.2833653404193328 0.0507464874192503 0.04861324691555206
0 0.2301135305922342 0.28718000021719126 0.07006116765690838 0.06415638859766713
0 0.4345453424277682 0.29330815830625717 0.05804193688767762 0.06345634812326825
0 0.8625628169066241 0.291223255879197 0.09665731219517901 0.09213878533365219
0 0.5548075759591499 0.29832698433149957 0.0628775995309995 0.0685440566207201