0 0.40865344942168036 0.10007629118427655 0.2418557021052267 0.2001525823685531
0 0.4584458468749851 0.5589862253427883 0.2430822028039848 0.1922565842112715
3 0.49254189185577935 0.3556194864847502 0.9204265072403948 0.4264203806123203
3 0.47009641331668994 0.775647329785595 0.8428656023461036 0.44389764812111754
4 0.5071106492151205 0.800262924017316 0.5546006848592457 0.31389932505180806
4 0.618326788825838 0.3586838986897547 0.6812683925545374 0.3995252600617889
3 0.640625 0.17307692307692307 0.7139423076923077 0.34615384615384615
3 0.6634615384615384 0.5985576923076923 0.6682692307692307 0.3942307692307692
1 0.8209134615384616 0.18509615384615385 0.35336538461538464 0.32211538461538464
0 0.14832610723741066 0.29399278693971964 0.22203626014691347 0.1983343005248595
0 0.12472766249898538 0.7442576775216332 0.14231688858496108 0.18936926034134907