0 0.8034366713377046 0.6576684442172674 0.16278079058409334 0.14121323899524377
0 0.2629259597637488 0.6646100451696484 0.1518398780418552 0.15790030566027888
3 0.39089940564215986 0.638434306725242 0.2376653086861468 0.3726817518239149
0 0.5450840910213801 0.6161720216177586 0.16509147249907757 0.17727093130293609
3 0.23697254425419423 0.4502062113181102 0.30897449816849976 0.6233250913185996
3 0.7628738504273495 0.3709254554913237 0.363675376068378 0.7272499015815365
3 0.5338457018485381 0.3598407364858007 0.3986547501490776 0.7108425477402774
4 0.7784361267995563 0.3157768503647503 0.2694992075134178 0.4571240513146838
4 0.2170771686543422 0.347735065673495 0.24835901152852416 0.3896205600303483
4 0.5279112667887661 0.2647489569969896 0.3191774664224678 0.5201555056798584
0 0.39048569378424997 0.7575086051877595 0.10169948274980853 0.08765731283356579