0 0.30225810951201876 0.6189049859637502 0.0905648617603633 0.07645118353235685
0 0.3703271583477562 0.2809107232777127 0.07820993014946581 0.061117343761871994
0 0.36683228445849336 0.3276035707082311 0.09772045008162394 0.07459379508695531
0 0.38701621595208324 0.1846478694638329 0.08799316518568372 0.06905749250133673
0 0.36017622764353585 0.5101137258310573 0.08804911532596166 0.07146133865518295
0 0.3479022064259076 0.6753415764532563 0.07345818798205131 0.06315688477675498
0 0.3714071317536319 0.8035471777944767 0.08564526917211551 0.07127918608570137
4 0.4795832234938563 0.6564227376438484 0.19991289162927364 0.13512881838979687
4 0.5333680658181621 0.3630997127487391 0.19717334463376077 0.12052358889723837
4 0.5571297914723823 0.22161916343548632 0.20964017652521372 0.14066512097541553
4 0.5314917262407581 0.5471760960874514 0.20930447568354715 0.1262420440523386
4 0.5479290082138351 0.4617305499658793 0.2015893859595087 0.10406097095927845
4 0.5300340077763883 0.7649974018647506 0.20678872924914538 0.12125219917516471
4 0.5209201645454052 0.8461817133870753 0.206397078267201 0.10442527609824136
3 0.593184468962927 0.3796727577550092 0.5609374158284189 0.1816824730428024
3 0.5598882690865914 0.6721402333368657 0.6197487263262822 0.2341310577872831
3 0.600925523879006 0.4609302141867816 0.5081087505840813 0.18007896266805382
3 0.6340248933253203 0.22864996873581983 0.5830755824755344 0.204956461552752
3 0.6012032647022966 0.5524585206024171 0.5785476408692308 0.21661138718301964
3 0.59479797857954 0.7759251366253686 0.5249916238012822 0.18375787680827108