0 0.5524338140191364 0.8310739520265442 0.08380536043728362 0.09846202387468986
0 0.9113543424284051 0.7286898168778306 0.09124082076683984 0.10347955052064087
3 0.510221584268296 0.749425989401986 0.21793349048636548 0.34962536147123874
4 0.8953045180348499 0.6418016314422716 0.10873950944781705 0.1183922408996542
3 0.8771340637498187 0.6124658641401812 0.22374883120013897 0.37139986641469325
0 0.35740278424335653 0.6381532316215323 0.09068101609679502 0.0914603197514101
4 0.2510177683370761 0.6218545074809201 0.17745002735796975 0.2020115191747503
3 0.2700476350423082 0.5407882136546361 0.29357233059568644 0.3758321111717052
0 0.6809801107066011 0.3438939346684349 0.1089634313158351 0.12319993320734664
4 0.6686480164778241 0.25951451255585123 0.13227746071058577 0.1598871285298145
3 0.6525751727417882 0.24944448687423976 0.212230110706601 0.33025470268163054