3 0.8886875091309128 0.7427884615384616 0.07840417492915819 0.1658653846153846
3 0.9579326923076923 0.7487980769230769 0.07932692307692307 0.17067307692307693
3 0.7999443934158811 0.7007211538461539 0.08409372890747864 0.18269230769230768
3 0.7548433383764214 0.6887019230769231 0.081311942037649 0.17548076923076922
0 0.8441635867847126 0.6959134615384616 0.11978370211847178 0.12980769230769232
0 0.19243188254396243 0.5757211538461539 0.07146504018351042 0.07932692307692307
0 0.3849234344000044 0.6021634615384616 0.09360357652277046 0.0889423076923077
0 0.26878804839306414 0.5649038461538461 0.08145836551487853 0.08653846153846154
0 0.6861600850627405 0.6165865384615384 0.10447876352476672 0.11298076923076923
2 0.27462913665825617 0.4699519230769231 0.12269146922696245 0.13942307692307693
2 0.4136163935556611 0.4387019230769231 0.1493652941580241 0.23557692307692307
2 0.906578493023188 0.5108173076923077 0.1757973802310476 0.28125
3 0.2050640216739472 0.38100961538461536 0.192583416830834 0.4639423076923077
3 0.4224180174293903 0.40024038461538464 0.21926746338117992 0.5144230769230769
3 0.2852779172311405 0.375 0.23243073791764518 0.49038461538461536
2 0.7003090978663014 0.42788461538461536 0.1794712503907897 0.25961538461538464
3 0.8786057692307693 0.4230769230769231 0.23798076923076922 0.7067307692307693
3 0.7060820852025207 0.3545673076923077 0.2959079149690818 0.6466346153846154