0 0.30377801229007073 0.14402673092683677 0.10205241847426508 0.09845235922837849
0 0.35265043278412755 0.28459906438717986 0.06551921436615352 0.05590756060285866
0 0.3823726296332918 0.8307496322434689 0.08969753231650301 0.06904640071217963
0 0.3831015671057376 0.5614069020786906 0.06565907077804148 0.06792679137208943
2 0.4804853076188845 0.5635374737522094 0.14551744822013918 0.11729457911746376
2 0.49315933732804684 0.8178709890540372 0.17662759180825122 0.10673084049034998
2 0.4889563958527293 0.3522789145487704 0.1791153518092301 0.1140543398858976
2 0.4901600030602805 0.14549216485099667 0.21838805745971912 0.18555725329158024
3 0.5531995486094454 0.8254777047119549 0.4363828328355238 0.13084185213255412
3 0.5658358317216118 0.5663101638326062 0.44605416001566367 0.13609738817628253
3 0.5645796502105616 0.3642191455085158 0.47956814975762185 0.1256456104831779
3 0.6174799353669939 0.15863763281501272 0.7380104246437751 0.2433946611913729