0 0.6827452430154378 0.10866425165402896 0.10057189735769229 0.09285432543941873
0 0.6983163027532585 0.02379055070704406 0.10990753127168801 0.04758110141408812
0 0.6377395480194976 0.2891676398756266 0.06635854980106834 0.06665922744697181
0 0.6005608430281513 0.4427665840219196 0.05400361819017099 0.051465923218900075
0 0.569446698622649 0.6451822379390619 0.06367495294583342 0.05448595121674224
0 0.5788692725642088 0.4981625089019492 0.053835767769337704 0.04425438475736161
0 0.5289439849800208 0.683781680353237 0.0805578261630343 0.057968115597580874
0 0.6021314667121259 0.16903621340545602 0.0858131195929488 0.07750697575034805
0 0.5462484941274034 0.5590593306641665 0.06121515665170945 0.05192805960189695
0 0.48133962327831126 0.8212469059971024 0.08340927343910264 0.07735293028934911
2 0.42239346212499945 0.6210021876366516 0.17201588028974363 0.0686295354232337
2 0.44249447334722186 0.4276931998324661 0.19219780190523503 0.1107272837266098
2 0.4338002561683222 0.4918572592923861 0.17738307400021375 0.09297608788369296
2 0.45683663987702966 0.2755576875656631 0.2071244300908121 0.13328617187721895
2 0.40221355038760637 0.5598885967856422 0.18235861672873946 0.10049571726722945
2 0.3579921622946041 0.6551324692762008 0.24508241728985056 0.1141162838685868
2 0.44101983414225426 0.0789212819731944 0.3397276195342951 0.1578425639463888
2 0.4234925293728097 0.16128183101910898 0.2520701551902778 0.10496303563619905
3 0.36193664718418755 0.485661315430047 0.49586571925373946 0.16379085796632445
3 0.34203246639198664 0.6189511721185782 0.5317555611405983 0.15889000141977022
3 0.3598695068110573 0.4197866143907763 0.5493098360411326 0.19121831964676297
3 0.4170663027532585 0.04983414677570484 0.7235597021857907 0.09966829355140969
3 0.3989805015200854 0.09953661794729812 0.7184183189145301 0.19907323589459625
3 0.32554224909577945 0.5540007438453011 0.5229234784891028 0.19192766572962064
3 0.3656303613815703 0.275401799699008 0.636407798982372 0.2208024177811869
2 0.28360979205892023 0.8087152719141315 0.26979228051164544 0.14450289232473013
2 0.38489413037772435 0.03465698405599548 0.4609809700137821 0.06931396811199096
3 0.2855905764856301 0.6599078785671685 0.5711811529712602 0.17848974279467456
3 0.34083958776650625 0.15457716865434218 0.6216490212176283 0.20545506809211614
3 0.2619282709854698 0.803583347176079 0.5238565419709396 0.21494869026322652