0 0.7745558212027789 0.3013405379488746 0.07930119942334048 0.08531351911905762
0 0.7305763033673596 0.6461771861644412 0.06466828816200486 0.07743021505346502
0 0.6828547398329964 0.8624080651492384 0.06961587002853602 0.08246182922917537
0 0.719657691596587 0.5184374572085679 0.06480817772084399 0.08223790736115734
0 0.7221921785731453 0.44053637907658594 0.06452839860316573 0.07262252274577272
4 0.5258297116139194 0.6222374298505982 0.24719498264189055 0.16275036202721793
4 0.5280623089098813 0.49270963987792843 0.223156521103429 0.16163075268712773
4 0.5414269654055387 0.3745029818006069 0.24416163347326886 0.1410037857085934
4 0.4607566391569869 0.8196557361434862 0.2567404224778557 0.16079435960940786
4 0.5358884660046059 0.22540853979514086 0.3154119570820366 0.19713526817947008
3 0.4153926780958353 0.621894919193876 0.6759631565053769 0.2955482165775821
3 0.4271707152277623 0.4904111268033961 0.6800714010188741 0.2717336769071385
3 0.37535015591602894 0.8132772768323202 0.6852288172236639 0.2839768295443872
3 0.4242808687086441 0.3498421072704006 0.6673527224554482 0.24713541069863199
3 0.43288566711311033 0.19180404625360406 0.7749405174895861 0.31456169179502846