0 0.7461654055128737 0.26802884615384615 0.19398820639412406 0.17548076923076922
0 0.6171400102300212 0.2860576923076923 0.14551963233525647 0.15865384615384615
0 0.3542535522864848 0.3233173076923077 0.15105467646656 0.18990384615384615
3 0.15423579494999992 0.5853365384615384 0.30847158989999984 0.8245192307692307
3 0.7762074528016556 0.578125 0.27813488104732953 0.7956730769230769
2 0.33907012377441187 0.6141826923076923 0.21696964490160298 0.43990384615384615
3 0.36800020283098245 0.6105769230769231 0.26320825286175276 0.7740384615384616
3 0.6194259264690166 0.6009615384615384 0.25387261894775703 0.7860576923076923
2 0.6530797726228628 0.6009615384615384 0.19265143266175253 0.42788461538461536
2 0.15025529547788405 0.6706730769230769 0.2899822416395304 0.5817307692307693
2 0.7812089607222217 0.6730769230769231 0.24061846533621833 0.5264423076923077
0 0.16770470467120704 0.2824519230769231 0.18280822772906 0.21153846153846154