0 0.6081824335309218 0.27377674787410594 0.16287265195230452 0.1678680595649676
0 0.25293451597188454 0.3452867625924313 0.0946069398396358 0.11790262744371766
3 0.8630412257877244 0.4714717787329671 0.26305849739097825 0.9144592628456654
2 0.878330039191842 0.4758248299744326 0.2015517037615748 0.48085767302090415
3 0.3878531404832911 0.5428732631914986 0.3671467951807976 0.8934983716016623
2 0.38941652014743156 0.5548225491813099 0.2755161146543118 0.5093983240957971
2 0.1021725381630865 0.6154232008649896 0.204345076326173 0.4198964581681335
2 0.24610202738037346 0.5973758572388896 0.1784888553108996 0.28827020159553385
3 0.12523566659698154 0.5947107294396192 0.2504713331939631 0.8057708488130692
2 0.6287085290954296 0.563453071239359 0.17815266871501725 0.28346250928784156
2 0.7411597484410403 0.5505852543809671 0.18290982104003953 0.3171863002211071
3 0.7474215037725673 0.5468046232016491 0.3324173759067044 0.8085244188640128
3 0.6276159226588123 0.579078071239359 0.3427556736965235 0.7848356812226489
3 0.2574994249405101 0.6402254193316034 0.2699009025567741 0.7035503043219793
0 0.8970048686132378 0.10584235662038341 0.13212693184612798 0.1741703158940524
0 0.41379004834889554 0.20626485687361756 0.17344605637266566 0.21615481698014916
0 0.07768885337165693 0.27841723643350985 0.14967676809748592 0.1506914125909469
0 0.709992675157131 0.20724206123069278 0.12535265994581232 0.11160037111463285