0 0.6308752151658877 0.6680401209478947 0.08338715782843636 0.0752586172935959
0 0.6423558789460286 0.47092473633251 0.09300254244382099 0.07593099048536035
0 0.6112955472731495 0.7970073467658813 0.09624643716694582 0.09052216070637852
0 0.6129022756385756 0.39645604554594954 0.10345797562848429 0.09102644060020172
4 0.4877278263075911 0.4528711801537686 0.23354568412593607 0.10491117099671513
4 0.46168407750949336 0.6513818511353525 0.1959241942336763 0.11664475515273409
4 0.4192797254256618 0.7992689295795614 0.274107344010671 0.14365835607146565
3 0.41879818663833634 0.45529205962398483 0.5668165424003828 0.15455035380489882
3 0.3510371503851305 0.6448514825069835 0.6242051253620408 0.19447419196523713
3 0.332562328255294 0.7796014537540091 0.665124656510588 0.21237668816240757
3 0.34188416004762845 0.3580626403498913 0.6837683200952569 0.17257040331733992