0 0.7493359383416139 0.896672597397396 0.09238109129412536 0.09053676073863506
0 0.756072807068047 0.8342774956241281 0.0946171097537058 0.07615564310625117
0 0.8564791302086037 0.3671848876064949 0.10448423591048886 0.09795809565363783
0 0.8303873056113301 0.23328889422506582 0.0875454277040553 0.0880489960034034
3 0.5571409732287461 0.780314105265854 0.5415104082406976 0.2714181118844248
4 0.5150868091123132 0.8817642588625373 0.3095384123292298 0.16402463536252845
4 0.5321663157959488 0.7570369942520407 0.3312009989962229 0.1668061151326102
4 0.6033628584194426 0.3206908747460936 0.351075107721677 0.22243025099661431
4 0.6268715497233577 0.16001081605463677 0.33181636720853025 0.21969073051722546
3 0.4050480769230769 0.8209134615384616 0.8100961538461539 0.35336538461538464
3 0.5319196266464344 0.15835342407226996 0.7246222851686694 0.3106647102847723
3 0.4869861045757361 0.3006270029936452 0.8673163179992984 0.38765953920488005
0 0.3315587312099334 0.5371452803423427 0.16958388104097835 0.11591791957926745
0 0.2970797322259478 0.6074713118111046 0.14526570667874075 0.09145986513387755
4 0.2598752173407736 0.7053996147584045 0.1895978461783205 0.18356128621250234
4 0.29811551173923334 0.4151426398580659 0.20634085540811073 0.1766434627858137
3 0.24017146250552718 0.4357702322660533 0.4387044492728652 0.31769078546155616
3 0.19065654458209944 0.6512142613623113 0.38131308916419887 0.3216592919553918