1 0.7765902225553957 0.4462493400669893 0.09839185176495736 0.09951161245112963
2 0.585207717440385 0.5824787094688364 0.43560372486485066 0.24339138879572803
4 0.5142133455086545 0.7313187482807494 0.41134146276527805 0.23293656260602255
4 0.570469880172436 0.20726884907525622 0.42375234451645316 0.250183206470106
2 0.5387203486661327 0.3911058405599288 0.30467702975160277 0.19078148121747227
3 0.5024038461538461 0.5661057692307693 0.9903846153846154 0.4543269230769231
3 0.45552884615384615 0.8533653846153846 0.8822115384615384 0.28846153846153844
3 0.45775093596340877 0.7305479836580185 0.890212408521261 0.3745575057775755
3 0.5031342127946048 0.20371648959023475 0.9077107332815173 0.40399126872575397
3 0.4295401692180558 0.3440591227062541 0.8080899883085473 0.35487648134796146
1 0.9337104645468488 0.6438874863716191 0.08654047141655988 0.10630343012550779
1 0.8389423076923077 0.9579326923076923 0.09134615384615384 0.07932692307692307
0 0.8306558205201395 0.808421202135122 0.137300991348718 0.12008548820081225
1 0.9054447526002674 0.3066354994949847 0.08139707826720101 0.09171246488756656