0 0.6015225445894885 0.8043568451684788 0.020489931592250536 0.0361695736502106
3 0.5977603247108868 0.7310465300600785 0.0661401331812641 0.17342655227229314
0 0.7367064415622451 0.6821514746659898 0.024710014797918234 0.019370620908917092
0 0.37027252420972867 0.6542291432507619 0.03002137205020306 0.03382166816762359
0 0.5155373282025568 0.6485753482902745 0.015514350969694054 0.03133391100688899
2 0.7448528034225682 0.6400282263024228 0.015850127599422264 0.040949295622273604
0 0.4442461179556509 0.6381706030485031 0.020238099119954275 0.028958035188672133
3 0.736885767544141 0.6184355664212519 0.05850887393256507 0.16136536599961787
0 0.47847230600567947 0.6199389719613426 0.01973443417536175 0.014534958265595211
3 0.514766563579826 0.5920779710909824 0.026839153145404773 0.14916432804879476
3 0.3629884792577899 0.5833436520479299 0.0444215736392165 0.17089683960811364
3 0.4518468427926655 0.5804223546849363 0.038522607284907195 0.13961886927248393
3 0.48134928269243377 0.5646225400872514 0.04416974116692037 0.16368530114657517
0 0.08472227543603966 0.3950201298571558 0.030692925309659724 0.05305243739839282
3 0.08500081278120979 0.3685708295809408 0.03958334691983989 0.10117131597876039