0 0.8069298063171721 0.6457957100505127 0.0313970689988445 0.03208933735303422
0 0.7339068349886364 0.6472681635089869 0.029385671330027972 0.03682708488130697
0 0.8675410983914478 0.6391658403872487 0.029778119815057052 0.04163477718899928
0 0.9014403240314788 0.6137727043862335 0.029974344057571593 0.04403862334284543
2 0.790986090697648 0.597369063076492 0.044348265736978476 0.07323450108609669
2 0.8565031872008734 0.59208100604899 0.03394798415153515 0.06333933735303408
2 0.7273822797419822 0.5967174494987981 0.038314072730528344 0.08744774367091519
2 0.65386874780716 0.5921802875726568 0.04493693846452264 0.08044603954763528
3 0.7899068573638174 0.5841479092303381 0.06323534499422277 0.15771884036780962
3 0.7251992354524859 0.5846632463398576 0.06441269044931083 0.17214191729088668
3 0.6479818221656368 0.5788192441676641 0.06882793427197378 0.16747411454203337
3 0.8509351755449573 0.5679376273413993 0.05661247926022821 0.16472054449108967
2 0.8901080764771323 0.5630821008172058 0.03973679767180071 0.07549845768110384
3 0.8902307662202246 0.5498959193607618 0.056023806532684316 0.1575090060295512