0 0.20349536405239826 0.3247539837720414 0.08635103636180161 0.08456446875088758
0 0.6171776473514711 0.40561443197887226 0.04592938457194643 0.048445895221058174
0 0.524069538048875 0.40192979761194747 0.04777319834627337 0.03898455606667243
0 0.7706500724195353 0.43076533716670734 0.07335174892841241 0.06696731836896976
0 0.8715297525631889 0.4436032197660199 0.07293172464377307 0.05975577990743129
0 0.2687136676321087 0.38813351682426034 0.06331634002838851 0.05913959806343541
0 0.351564501621916 0.4021267403810651 0.056804842041248804 0.07069669244966931
0 0.6793039185733816 0.43661906468466766 0.04550936028730709 0.04123435675951971
0 0.44176688216814164 0.4180616737087191 0.04550936028730709 0.04123435675951971
2 0.6039672262005318 0.5102121802822486 0.11699358690050232 0.1583743534372607
2 0.5129010885441374 0.5208736001079012 0.10114672048773753 0.17412295828719102
2 0.6803065622031995 0.5366867709912809 0.09918660715942096 0.14046911213334484
2 0.7678950844532593 0.5491699805491647 0.11274592697232923 0.1676816471306473
2 0.16521900761705896 0.4961041237612513 0.14903621838800069 0.2562226996620953
2 0.42488068773899335 0.5216885671266708 0.09946662334918042 0.14527680444103716
2 0.3321225986735967 0.5240135481443613 0.10299053426206474 0.1646616191328054
3 0.5072296391262765 0.5477780441832057 0.15944423449088377 0.3526846367379395
2 0.2539975986735967 0.5290200256268274 0.12502146539042924 0.2139709058977201
3 0.42281500755190154 0.5483619430104769 0.1385333681215573 0.3226061192037939
3 0.5963001006430189 0.5649919233182824 0.16777583771146026 0.37237754235170545
2 0.8633133273213716 0.592518076454551 0.1544276516161023 0.2254348360450922
3 0.6764552180187754 0.5948412150665855 0.1515089470140564 0.38091460874009747
3 0.7556302787303738 0.6078635837379657 0.17496366763210874 0.4135510178890881
3 0.3303250804058194 0.5760043313740516 0.1717197729089839 0.39897389550501217
3 0.2523400885006992 0.5834146550103637 0.18483535989636274 0.4596862311951618
3 0.15470430308017047 0.5848458038731291 0.231837392145567 0.6087855739557605
3 0.8561362300959379 0.6557112810290463 0.21536161088107383 0.4903809305733031