0 0.31164040943084687 0.328125 0.025270031812560625 0.026442307692307692
0 0.24198485143631293 0.3269230769230769 0.025381992746569645 0.028846153846153848
0 0.4700670197893274 0.38461538461538464 0.020462339504868317 0.026442307692307692
0 0.19712183432112754 0.33533653846153844 0.028121721702442863 0.036057692307692304
2 0.2995059038002595 0.38221153846153844 0.049479748679383345 0.08173076923076923
2 0.37181556308648606 0.40384615384615385 0.05428744098707565 0.08173076923076923
2 0.2300742676737436 0.3762019230769231 0.0518835948332295 0.08173076923076923
3 0.29889011866320997 0.3954326923076923 0.07766076477617823 0.17067307692307693
2 0.4617622052575273 0.4338942307692308 0.05428744098707565 0.08173076923076923
3 0.36639208564174425 0.4170673076923077 0.08772399312759892 0.18028846153846154
3 0.45536072660388033 0.4423076923076923 0.08431249856767173 0.15865384615384615
2 0.18630121270147224 0.3870192307692308 0.051995555767238515 0.08413461538461539
3 0.22666277311381633 0.39783653846153844 0.08051245466606047 0.18028846153846154
3 0.18431556308648608 0.40384615384615385 0.08235649614986158 0.16826923076923078