0 0.2608980132785988 0.8063175094993054 0.05572200174072018 0.07580608399561967
0 0.775502897383268 0.7630941794798604 0.07008913799253783 0.06652640022190162
0 0.37900813367680064 0.7482874910872326 0.05569403140509061 0.07099839168792735
0 0.5281584765577806 0.7255878131592409 0.05816780339801069 0.08307357259743607
0 0.5919303254737776 0.712085903672649 0.057958025880788765 0.04701588028974376
4 0.2619538934486159 0.6248271248839207 0.10706985137600683 0.22601949847991476
4 0.36558499625248164 0.5767481919288993 0.1286345409215483 0.21450381897318385
4 0.7790675124657424 0.5635189985703519 0.13864151023574706 0.2820353118419874
4 0.5315972251299217 0.5476472476343479 0.11444921185132287 0.2550335027469019
3 0.2612554364130255 0.5383166384155981 0.15744034197455653 0.6213692705162395
4 0.6134888237905611 0.5181007120956725 0.06134083378167077 0.2153410611992522
3 0.36492150213642827 0.4842280900759612 0.1429753095480352 0.6138220312130342
3 0.6114136290803626 0.4616662776205657 0.10190014741542879 0.5768131865206197
3 0.7894101258074964 0.4382951980092408 0.2085504437569915 0.7307173003851498
3 0.5274468357095248 0.43477837868413416 0.17682494805128848 0.6482591793307694