0 0.3674517724110512 0.12433411088654314 0.10666122051849983 0.09070459790140659
0 0.4512676825822747 0.3748734983733725 0.0809282589090498 0.06384269730217057
0 0.4602705701649757 0.5723665166049927 0.061543444217281564 0.061103176822781845
0 0.4727394806201532 0.7157729963750742 0.048137804299060165 0.03925876498470215
0 0.48369653467075363 0.7701112905807697 0.04859994068205718 0.046470303446240604
0 0.49694997153363213 0.8449452160301968 0.033868772836982246 0.04141085539439123
0 0.48912409363375403 0.948289621000235 0.04015603853252696 0.027113656343393116
2 0.6337233948661155 0.10010347901660066 0.3513591088110861 0.16220821927838197
2 0.5858277131924905 0.6972914110845986 0.148852133060738 0.07463294205695448
2 0.5594518139392883 0.9398910558149424 0.10194669244966931 0.05460494630302129
3 0.6529237234858163 0.11969090221825897 0.6893448607206752 0.22813671453083925
2 0.6154261104296206 0.5546192189016416 0.1883919897492692 0.09213121378496271
2 0.5920236570548295 0.769595612508101 0.14583210506289582 0.06497559815087711
3 0.6290019373172033 0.5680921284919523 0.4147225003549425 0.13930265858862695
2 0.5937199995314741 0.8370082030425253 0.12102341621943953 0.05253677447471798
2 0.6585376109265402 0.37006853583449445 0.25002859820541257 0.11721865759074514
3 0.6628831668512357 0.3773639928774185 0.5073010178890881 0.16012788086572366
3 0.5952014153249826 0.9453281374830271 0.2355446400601984 0.07854732267574249
3 0.6294516170031501 0.7112888118085698 0.3681251506658718 0.12408235514238605
3 0.6253694122866776 0.774990734885493 0.3335470317460319 0.10907184814960949
3 0.6159403561490168 0.8470222009194918 0.30137275898003846 0.09410330044752595