0 0.3251417458924003 0.8380534481809186 0.14701823199738884 0.1282289710549192
0 0.3175730160871893 0.28654557047091134 0.1976418349220876 0.19100867441121508
2 0.5228447187484229 0.11511150393465214 0.46363209944379563 0.23022300786930427
3 0.5726235899398711 0.603495839644177 0.8119408285457598 0.2859070608823272
2 0.5881016661024994 0.6070107052841499 0.44287902708341037 0.2525173302066633
2 0.6226268834763945 0.791862118693545 0.3102308072531991 0.18205059268312596
3 0.5916339198601583 0.254910177000855 0.7747526300081091 0.3169332981972905
3 0.6086935526778898 0.7799267989312029 0.7231495348342658 0.23011513330253308
2 0.6517260906717188 0.903445172497984 0.48090388417627605 0.18304353959797645
2 0.681016999064581 0.24357541809939984 0.4124126208827258 0.2715662922558403
0 0.17120162585592538 0.19246772038241305 0.13857823808097763 0.15701918422981379
0 0.25460781082327 0.6522098892118227 0.1427002858142688 0.14022023148852042
0 0.2793033930408863 0.9308462655407546 0.20721233506845713 0.13098244640413517