0 0.4742711157470657 0.7746665806060139 0.06510226888039455 0.07925519757575171
0 0.19798142916378 0.7838581883234503 0.09090355772492999 0.1315574925013368
4 0.6584629806061192 0.6765491771632858 0.09076620382175012 0.19627918608570136
3 0.46309515609096624 0.6460787427505374 0.1315247689456393 0.3336268592433095
4 0.5817650312824647 0.62976383403975 0.09400949154991714 0.2204998001936442
4 0.45385752018402603 0.6345328247803035 0.08604245567149003 0.19831872710058407
4 0.9576197400626276 0.5991943278249042 0.0505723724658222 0.2124133616352838
3 0.6535599064739631 0.6098969502240718 0.15355622978335176 0.4839403887681421
4 0.1643199748817126 0.6089776709270043 0.13828605220833295 0.2526247002904666
0 0.7161171457585213 0.5784841484381598 0.0709172910772719 0.10846565656086873
3 0.5705165651359648 0.5722716102922167 0.1566316291966546 0.5033533105683929
0 0.8511255462881925 0.5429205391213103 0.08327229847623102 0.11899180402366127
3 0.17641171214134374 0.5387928196664691 0.22383250201285135 0.6427046619902985
3 0.7308531239772631 0.4325781433314706 0.15699028116044644 0.37631376955351
3 0.8525983985820644 0.3972146179593956 0.20624242244141847 0.41361066709698757
0 0.6791703807201711 0.8082694714505346 0.052831205638867666 0.0711328962668056
0 0.5847640946665567 0.7854494449560124 0.06278236688398063 0.08147689116011628