0 0.22232528576848457 0.29038701348490065 0.14960319530642271 0.1664647110854698
2 0.37934982898062625 0.06787242224305579 0.2882707748126108 0.13574484448611157
2 0.4134501517439064 0.41230919756360473 0.3325473354710268 0.18965975538347515
3 0.46563645804679155 0.07756980548098302 0.6860806084012754 0.15513961096196605
2 0.5189485042455879 0.6369647483501434 0.527793073288842 0.29061911375384525
3 0.5300480769230769 0.6189903846153846 0.9350961538461539 0.4014423076923077
2 0.5258661872067145 0.24815788863867622 0.3875000203797598 0.18488148437649501
3 0.5360576923076923 0.41225961538461536 0.9230769230769231 0.2764423076923077
3 0.5721153846153846 0.24879807692307693 0.8509615384615384 0.25721153846153844
0 0.14658891566588825 0.6418133024721512 0.13627139242996295 0.19645285536153823
0 0.16669343947207343 0.45800951569622533 0.09255190646188736 0.11114682824629618
0 0.16448413555656569 0.05190880229095454 0.06370575261573358 0.10381760458190908