0 0.3979005722102842 0.7151845835623762 0.060851378470349306 0.06525347534921622
0 0.35970307680070496 0.899288591848829 0.04866432000685282 0.05076047258706495
0 0.36178609527252265 0.8235604454187678 0.06823074462615335 0.07971850777573736
0 0.40990918559958234 0.30288301267431655 0.06557515693090875 0.05806990722330719
0 0.36712692607601755 0.5711426140971069 0.07052270565048903 0.07011710832816767
0 0.37544417225678556 0.37279034348526213 0.03647726154335647 0.03626746982491424
4 0.24925202449448108 0.889114601876002 0.1450419364197198 0.07055064853042617
4 0.35318357127993016 0.014722956675945625 0.08690208820937045 0.02944591335189125
3 0.3410944123047554 0.020907386658245968 0.18319579077510456 0.041814773316491936
4 0.2250054624688156 0.7005665156450417 0.2371153436076915 0.13358208490738832
3 0.22837684406063127 0.7041792774597183 0.45675368812126255 0.178179906619025
3 0.23103074762524786 0.4926128455856272 0.3136188512951043 0.09797191796976971
4 0.17185427783629886 0.8270691198299829 0.251566391813146 0.13606984206812348
3 0.20611287482251978 0.8184878362777438 0.41222574964503955 0.18994740436758933
3 0.19961376199629624 0.8798208761203576 0.3992275239925925 0.14420440160543863
4 0.2517588225285331 0.26053680298086235 0.22000870770699235 0.10944572719422342
3 0.2315350727733588 0.34598522278491917 0.3378251405278315 0.11253484657099463
3 0.2408855722714702 0.26540742854372124 0.42973072002153745 0.16114320602487991
4 0.19425978761692655 0.5541207000259261 0.23923947693776157 0.10955760853674171
3 0.20278766048084063 0.548083114305681 0.40557532096168125 0.1586414636963302
3 0.1853733404739878 0.629911779711154 0.3707466809479756 0.11998413288538447