0 0.4141278381639267 0.4324459104284728 0.041193827003761965 0.03717680877840452
0 0.5973666035646791 0.43055017520281713 0.04840536546530057 0.03738664311666294
0 0.6600487561341606 0.4299648933138782 0.07018627066881158 0.0716000475058652
0 0.5149072240559835 0.43778743731793845 0.04155813214272514 0.041984501086096825
0 0.29961670346785685 0.46525117049315795 0.05357736291195604 0.04233422498319438
2 0.4262725885602073 0.5424154410535387 0.08268023364531601 0.14152142030566223
2 0.6096024302457005 0.5393177827509599 0.0688394771812694 0.11713323487010313
2 0.5257589750906002 0.5489239186302175 0.07918347207458035 0.12702839860316573
2 0.29946899424068435 0.5784767464518954 0.08730577338352667 0.13925746371065506
3 0.438545697400091 0.6030012083556291 0.14602210980810576 0.37602344803770976
2 0.6802053807710775 0.5931687632206569 0.112947745296737 0.1927715821100461
3 0.529727630052056 0.6237229285171264 0.15170470221262017 0.4193626235863601
3 0.2971368735880096 0.641046691231315 0.15928054581312182 0.4243801502323111
3 0.6789109620011369 0.6738374989333421 0.18408631919664842 0.5618190496780587