3 0.23856045746489984 0.33644161248828747 0.4562961812041235 0.22576784036119035
2 0.26746259177805815 0.3394920810971981 0.28109200038102927 0.1690034902461887
0 0.3352840500708338 0.5092086022375566 0.12170709422877699 0.09168284297356412
0 0.38493505407857825 0.6490006513047685 0.12696263027250537 0.10160631851094674
3 0.5008794741332386 0.668414064201949 0.36964575873165306 0.21781835761138196
0 0.5334532999262135 0.8274834646193612 0.1646997365903327 0.13997469273362328
0 0.525299857158689 0.5237820398103202 0.11550320417331957 0.11285532197518276
0 0.507903187629678 0.3560985502740167 0.12042285741502089 0.1155672590510268
3 0.6622596153846154 0.859375 0.47836538461538464 0.2764423076923077
0 0.06914528408575049 0.3267833305647842 0.11343524082150047 0.11991281497572223
3 0.7151442307692307 0.4723557692307692 0.5649038461538461 0.28125
2 0.7551141060614956 0.46660906491183424 0.3485709480170826 0.22845117923162198