0 0.08321017938674448 0.23856359324329518 0.11097992978302511 0.1369138976899169
4 0.6468776591213584 0.3232775405641366 0.1736290584184742 0.3314608086777895
0 0.8443035547498278 0.36594737768410346 0.05944210788595191 0.08900160208665972
4 0.14753596330639002 0.49851154673335923 0.23809687393218584 0.3919521397203224
4 0.8020182317374527 0.39686480880942404 0.2398108113752445 0.5094047184567569
3 0.7998876144378289 0.40058253897420226 0.27780329526261593 0.7578965597749829
3 0.6677312895104457 0.43930427435562996 0.2683342004661273 0.790990601258784
3 0.1810090762990312 0.5741470729153325 0.33724540314856816 0.8468981618616426
3 0.8978365384615384 0.5673076923076923 0.19951923076923078 0.5096153846153846
4 0.9106315975254939 0.5727308134545297 0.16685355059707027 0.2736565400514728
0 0.6049703143984098 0.10450120729430813 0.07441164251747387 0.0968849061522523
0 0.7221212419436858 0.09060165998940505 0.0840270271328582 0.09733274988828838