3 0.7057954154017474 0.11390785090392366 0.16410487795622358 0.058141693305574046
3 0.7037683394946849 0.04301536901080855 0.16650872411006973 0.058183652596266865
3 0.6743924154139846 0.20461853209750766 0.18093180103314638 0.058435408340423864
3 0.6677123313176208 0.2504174868926631 0.1737202625716082 0.0583095304683454
0 0.664287533356992 0.16271906156797128 0.12377094770601332 0.10310146228687286
0 0.6202130298560088 0.817467340164021 0.077622358982517 0.06143885114832442
0 0.6239709570092268 0.6238528265526735 0.08268179283160802 0.08315738511432559
0 0.6013030883072681 0.7420608809980634 0.0825419364197198 0.07113815434509482
0 0.6036476236351027 0.3236657723567541 0.10680416821720229 0.09078851648279226
2 0.50393333343531 0.7425583091942 0.13344227488615318 0.10807699175733632
2 0.45786781649363245 0.6063153253027865 0.22970800616950982 0.11937074800043436
2 0.47256639591391536 0.11317020979343595 0.27322897848013905 0.14176063061752064
3 0.4242715970351697 0.8184831762016406 0.46056115078587345 0.13061037836848455
3 0.41813442674922696 0.600998038214603 0.5136695364295096 0.150764251994496
3 0.40892546779363165 0.7394080088688745 0.485019181559999 0.1670876635831052
2 0.4137018205576902 0.32337478709071854 0.2516503056602789 0.14619068930897738
3 0.38363807386279647 0.11592462662599376 0.6968932984869919 0.19962623501022805
3 0.34035654158300493 0.3222506993030037 0.6417167220780406 0.20827655593967756