0 0.2897653025414755 0.593192195997707 0.04780033466924817 0.045938795111557996
3 0.37182219094118124 0.30272538866504406 0.41313891136890174 0.2018687389621166
0 0.2244826706790359 0.8332621451064894 0.0625592943943521 0.05323424457998545
0 0.2510402532327002 0.7793154583230989 0.052272144174913424 0.03875522698564938
0 0.3296296666054742 0.5116712042841597 0.05741571928463279 0.04599473578281714
4 0.32208869504765164 0.8542682292945885 0.15021736527290377 0.07777617215977956
2 0.4042542304540188 0.6130942532835865 0.15798870840448734 0.08983735843245469
2 0.35951956576062816 0.7991825526894415 0.16313228351420656 0.09707686722962286
2 0.44325255424312143 0.5243547305245932 0.14848528472311173 0.09218526391504156
3 0.3740776229601949 0.8738066722172833 0.39166892345795234 0.15367993454267512
3 0.39278154864544274 0.80779180657731 0.34348003944702027 0.15099638503253324
3 0.4483335210311411 0.6217664404266218 0.3756257269190924 0.17040896144489454
3 0.4978692501775289 0.5390994663074106 0.39452061334783445 0.16330930432587465