0 0.7448039493710408 0.6661325479228677 0.13029842689610158 0.12661729986402676
0 0.11610685830706584 0.6910699935632747 0.10231566459380437 0.10119305570029241
0 0.5707095892892622 0.6353013751159879 0.11223914013118702 0.10650466896262938
1 0.39254732359371747 0.6114927704126547 0.10354802828179602 0.12042382493106164
1 0.24056585678791337 0.6119694769154633 0.09300837090041766 0.10549682705334007
4 0.5711518993525844 0.40257433983786706 0.2013318084731813 0.3004398827536325
2 0.7550299886134528 0.37482623247216895 0.28836100460005226 0.4247895383217583
2 0.3754695060056213 0.38870118115621355 0.2164319484623912 0.34914670702386136
3 0.7640291913848417 0.3849455380421982 0.4046339249226243 0.7063970357991735
3 0.12489253665843195 0.40204665483740304 0.2497850733168639 0.7223625404440368
3 0.5592705725359903 0.36215499686743857 0.32376654723571174 0.6782012263848938
3 0.3771640060766099 0.3622588734639059 0.31470646324218576 0.6489771318227564
3 0.22017421938268364 0.3467956293700617 0.2921475750915767 0.6334202327517292