0 0.6254249449080524 0.3803500960899582 0.045938795111557996 0.048599940682057044
3 0.6838219008647085 0.6762685403072397 0.4025611211174914 0.2180332842945178
0 0.5739388463049166 0.13657648056336577 0.060403827538079415 0.05673575190958929
0 0.5735962096934542 0.19547071133259653 0.05070453191580594 0.04169649314251652
0 0.6261094167758281 0.4693694265127653 0.05555417972694261 0.049216122526052924
4 0.4752482949029838 0.15309715512394703 0.14706815558687417 0.08391600389016708
2 0.5122623684956908 0.40435995942300723 0.1543496198874864 0.09639737104239479
2 0.4664572338335228 0.21746184216429684 0.15919926769862322 0.10391700042593105
2 0.5177195697516217 0.4996969961524277 0.14474822043991672 0.09818503535224493
3 0.41993186302889274 0.15436180182866338 0.38545449468427245 0.16887804299060208
3 0.43276143217623225 0.22251674417184994 0.33737757160734927 0.16579713377062302
3 0.46772828139437045 0.4123274260868343 0.3687394529498678 0.1870304939943787
3 0.4611662518810706 0.50689423551126 0.3879142815093778 0.1786474730669857