0 0.22844142679542695 0.7421150873943869 0.04036487433969167 0.04243257221401574
0 0.6573270627314283 0.642753457679017 0.07021867659192657 0.06524257829760452
0 0.15029009352559847 0.7705877964319483 0.042768720493537825 0.042530521438930165
0 0.4791098784721334 0.6945708033937544 0.05786356302066874 0.05754129371149393
0 0.30340850130069374 0.7486940460374236 0.04025291340568265 0.04002872606016958
4 0.49448793726163454 0.7661964418845668 0.11662281351340963 0.13431335665375707
4 0.3320636944033532 0.8209828868681297 0.08252112362352754 0.12332668288956992
4 0.6763405379488746 0.7407234546372226 0.12528984411706537 0.16585720432850037
4 0.16661982025417618 0.862646127230453 0.10080353884256774 0.1552623274639712
3 0.22643607176530753 0.8541877812229764 0.0828043398858976 0.18092104135696346
3 0.265763650501742 0.8453600805503496 0.11797297257621303 0.2663289966654664
3 0.3956536565462673 0.8159833862540506 0.10405040592882905 0.22497386592550966
3 0.3303875943205656 0.836705836093044 0.11366579054421368 0.22536566282516737
3 0.17411126105073718 0.8683618949403249 0.12451274543369745 0.2521997674171328
3 0.5219115600901948 0.8120429750229652 0.1739924941130807 0.3357915719212767
3 0.6887252987173085 0.7739365292789537 0.1852872927386005 0.3722410611286267