0 0.18123676373443678 0.2903154663739612 0.07361692586003432 0.07817265769040437
0 0.8450490284601228 0.4793730969259083 0.07564283129789719 0.07108709946752693
0 0.7540178252106219 0.46857623247216895 0.07665067320718623 0.09031786869829617
0 0.24938377083199492 0.36981602737994973 0.06109377413615897 0.06792737188171394
0 0.5816337934463351 0.4462845014424119 0.06324565981268279 0.06324565981268265
0 0.4310103573053249 0.422722746406759 0.061345734613481154 0.0727350641894061
0 0.6655215591632703 0.4784010306841137 0.0679273718817138 0.06109377413615897
0 0.337701288140639 0.4093960555605124 0.05616010158980549 0.06527156525054532
0 0.5069307031287547 0.4688844118555543 0.05337831471997585 0.057934046550345834
4 0.1326287052510331 0.45890986935912903 0.14759134919748376 0.2546510472111787
4 0.827685859167077 0.6267057144328021 0.15417298646571653 0.24300975715793144
4 0.7226776206394553 0.6296390355895034 0.1443056413730096 0.2376981438955945
4 0.21392876526577248 0.5174057161738079 0.1455654437596211 0.261736605434056
4 0.6393669876157795 0.6325042558172319 0.1379759645820993 0.2541471262565341
4 0.5509286008781165 0.6182276023713845 0.15365884389178758 0.2789414692269626
4 0.29832556274699434 0.5628063893809941 0.13722008315013218 0.23972404933345715
4 0.3889209459708234 0.6049162439540642 0.15466668580107687 0.29817223845773166
4 0.4758424590349104 0.6251395226651965 0.12507487214224036 0.23669030198630517
3 0.1169270431064018 0.5472903767871036 0.2338540862128036 0.6618884458818995
3 0.8016826923076923 0.7127403846153846 0.23798076923076922 0.5697115384615384
3 0.5394916136117871 0.6754789792283782 0.2236869933536044 0.5630890147161691
3 0.20230791845109353 0.6011623908424398 0.236976248128731 0.5422102807635206
3 0.7043269230769231 0.7139423076923077 0.22115384615384615 0.5673076923076923
3 0.4545330158662321 0.6637951422943686 0.18422783460206096 0.49629546498240545
3 0.36704459172816983 0.6543891712755442 0.23873997146998713 0.5758641269173668
3 0.28240094457926773 0.6366957189569192 0.19623684375200753 0.5424724628601271
3 0.6181307561857158 0.7157570095312192 0.21255984587428584 0.5337389399153706