0 0.8743601481225644 0.9268504121872942 0.034164441111705364 0.04028164369497544
0 0.38016826015412863 0.8322529956484923 0.03915428598887898 0.04296550603858133
0 0.15267635622728962 0.7831045464695416 0.046730129589380685 0.04819322263091271
4 0.21712482095743185 0.7808751496466801 0.047969334825166035 0.09613013761295591
3 0.8766535672081003 0.8623665903180874 0.08486606447909505 0.17246947361562365
3 0.2226969862936361 0.7596605585467041 0.08923772614665268 0.23016178130793136
4 0.8699153415455586 0.8524011854655035 0.06534271561053373 0.10432173273865267
3 0.38144190873222306 0.7701030158856917 0.10741144271111808 0.18574877723877245
4 0.37545022472290057 0.7541979996959322 0.07568671050384469 0.11449714973355676
4 0.1656228618109445 0.7012919189208875 0.06530685285994818 0.13543172464377307
3 0.15411280659129617 0.6599365059734238 0.11484383530927705 0.3154164614515849
0 0.8685657092414629 0.7398404405193736 0.08293411171596897 0.08380718211307571
4 0.8838414966612393 0.5624339991963923 0.1485694069642945 0.2551565909696612
3 0.8737980769230769 0.4807692307692308 0.24759615384615385 0.6442307692307693
0 0.5963888943732326 0.9537386958555921 0.02935674880401292 0.040001627505215694