0 0.2786469285288374 0.7324144561672429 0.07556526597949884 0.09256297327624616
0 0.46492886394355193 0.7728839572898598 0.07014139182781065 0.0828636700794755
0 0.524670344748277 0.7871331137579879 0.06502560859812033 0.07797205919039768
0 0.4257741209075182 0.7613953009464667 0.05719788829258613 0.06823079670293453
0 0.1641722868075095 0.6883960414577184 0.07075757367180646 0.0924790546948601
0 0.09803607696567171 0.6680323713782428 0.07587335690149667 0.0973706655839382
0 0.24171154557458227 0.6993541233752736 0.05316042328988857 0.08016610889077978
0 0.20457553503989728 0.6818978109379581 0.06579583590311522 0.08999128995962845
0 0.32983704384246426 0.7068952528701774 0.07223714705965893 0.07809793706247621
0 0.39246064869239466 0.6911802509966143 0.06983330090581277 0.07805597777178318
3 0.5563700244342237 0.6448175755459199 0.1559345394553777 0.3725000686804135
4 0.29256497176079876 0.5561723364118252 0.1585569971036721 0.22607524974926216
2 0.47447091063974933 0.5845596678291721 0.1749826650197354 0.2575770054934191
3 0.4827769088366428 0.5642948126842511 0.2480795188119387 0.49896864385466233
3 0.13123147154783324 0.47411805943986807 0.23381048734986074 0.5011207342643516
3 0.2867721254649756 0.503245761736517 0.2551978930346154 0.5351102547437404
3 0.2176158876252958 0.47322474775096385 0.2000025957350156 0.4981294580408059
3 0.38591555900559515 0.4953716876848848 0.2482944454950748 0.5397920691793542