0 0.5425752987990965 0.826690392144833 0.0609246321144845 0.08134158285529317
0 0.39174721883422525 0.8070208053822506 0.06121847978922791 0.08855312131683163
0 0.3418806773308924 0.790876873231816 0.06362232594307407 0.08863706547426357
3 0.5021282434613193 0.8060745443164343 0.06464670266123357 0.17268773670144702
3 0.7514650411214258 0.827983918456809 0.09314594407674466 0.22409189166396934
4 0.45372076852752224 0.619551339793935 0.11232364855161456 0.2823718084583015
4 0.686132693885791 0.6384692586784391 0.12909750687263802 0.3405677810952017
4 0.8012234615956632 0.6352870397736405 0.13861494226310847 0.3384997115710839
4 0.8979915354769458 0.6242637012265632 0.16726519765943346 0.33469934915257665
4 0.3382912686738918 0.555509810548473 0.11752313775896457 0.2921550813885503
4 0.5455117840292333 0.5747482388568633 0.14101878841695437 0.33858365572851584
3 0.39623253957192783 0.5047237990996599 0.14825067048685503 0.751709417560326
3 0.6213839518562009 0.5221879624349446 0.1857776011682639 0.7890262722294997
3 0.4605976649887445 0.49376913750417234 0.20147401801522877 0.8207799371740923
3 0.33721791734327505 0.4702572162443668 0.18602656437399234 0.7362256010023164
3 0.810602153435646 0.5119926277951563 0.20235556103945876 0.8424145525587075
3 0.5401959935059033 0.4737447283166088 0.19215248107458743 0.8276556990059022
3 0.6980886880949414 0.49006037832071814 0.20196376413980105 0.8327991679433229
3 0.8942307692307693 0.5 0.20673076923076922 0.8894230769230769
0 0.587630057851295 0.9014767225922022 0.053713093652946034 0.08108975038299676
0 0.8104041563596716 0.8900527600026169 0.06680976589623565 0.10795177886246503
0 0.7547728725340094 0.8797085828432174 0.050917450599442304 0.0713904216101802
0 0.49442286873176644 0.8526137676867059 0.0516030951738433 0.08821734468710328
0 0.6282281271698859 0.8668880530395715 0.058324887510809345 0.0764499463901689
0 0.683614537933262 0.8712226148143555 0.06323052904341608 0.07902168085887896
3 0.5843222264387111 0.8497520582057938 0.08475901491623279 0.19499390534551908
0 0.45527568569582694 0.8344437380908695 0.0615123274639712 0.09576465977837009
0 0.8900514594892878 0.8712302738919764 0.07102976285444139 0.09369659025425228