0 0.642432842902527 0.20129385792768473 0.09650650609965848 0.11231563148141034
4 0.18524065705207957 0.4861498053074062 0.2553778656012363 0.431197404719924
4 0.6571256530553256 0.4366172119394137 0.18413701410829747 0.30328642043568965
3 0.2400149221224329 0.5267616208575967 0.4800298442448658 0.9401016129009879
0 0.3742370233836195 0.5588117388834456 0.039083371670632625 0.044948644779365936
0 0.45664016580615335 0.5453896825117546 0.026223674411696152 0.03236960934009021
3 0.7008321503857794 0.4968779932592335 0.44237246577453304 0.7753492097709984
4 0.3788936557097408 0.629277356685871 0.07660336367712481 0.10180455939395362
4 0.47124836934354153 0.6105997642704517 0.06665179246585796 0.09654902335022524
3 0.47496345521461636 0.6260008424024337 0.12363766033366101 0.2261920881842518
3 0.3840880745959857 0.6577876277299979 0.12889909255250637 0.26716943373364516
0 0.20563872276059178 0.17731155500517998 0.16041826581578805 0.2039450015899343