0 0.3359024533747912 0.24332567527036972 0.13750996535764004 0.13154900920769208
0 0.3799811239458232 0.6141036888279908 0.10108330090581265 0.08533544841595414
0 0.3840974540846762 0.5104827729286318 0.11116082190419427 0.0933882240267804
0 0.37862884021921334 0.4251462344670933 0.11612255967288558 0.09621268875527046
3 0.48835482844932987 0.6080477614011387 0.3543182555867909 0.1576883835282046
2 0.5290661676037156 0.6092191731317654 0.18823794428827006 0.10252196737492844
2 0.5675761305903411 0.501436203437036 0.262201874435642 0.13767739984074026
2 0.5928183576113818 0.4104202241722211 0.319586091205952 0.13791713042877435
3 0.623557796703298 0.5170906247377481 0.6053965738137836 0.19638747248660865
2 0.6162138815060911 0.19733386427955724 0.416108909503933 0.18938842340356046
3 0.6189903846153846 0.20673076923076922 0.7572115384615384 0.3125
3 0.6514423076923077 0.4074519230769231 0.6923076923076923 0.25721153846153844
0 0.7121417465428646 0.7244365211345429 0.14210273098219625 0.09131455245427325
2 0.7736888755714583 0.6031316443130328 0.2744969131101463 0.2176352507796291
3 0.7980769230769231 0.6286057692307693 0.39903846153846156 0.35336538461538464