0 0.3561179958185369 0.7160568410791304 0.18012463087382494 0.21487180874373188
0 0.643404581334242 0.6908131863269932 0.09621180617222244 0.11397129297478596
0 0.19318597381153896 0.6214372726747148 0.13076085457051298 0.1553771614588316
0 0.8504970165987185 0.6213697097086166 0.19192006108194448 0.2063079705649571
4 0.6335344062704599 0.5244220284933037 0.10068580751634625 0.20312390995441582
3 0.5202179361980239 0.5001144150660959 0.10695021334935936 0.3691996038571223
3 0.3194118522024042 0.4273702826799139 0.4053708767803425 0.8223213337203696
3 0.6269912546751072 0.39790464148539767 0.2010978939655989 0.7036938151237889
3 0.8187953957202994 0.3930947690865369 0.26259079144059866 0.6658926258249284
4 0.2845820481636755 0.3223676457626063 0.29081948386559875 0.538818954252421
4 0.8147130453581197 0.32076907518383035 0.1948854185166668 0.3337118167188031