0 0.22113145055892297 0.6175225427696079 0.11695401259256691 0.1431795869439405
0 0.3049713328476006 0.49899959952064277 0.08840239347626802 0.08649104445668133
0 0.35179697923784753 0.40894908133974195 0.05837889417502618 0.07038787039504732
0 0.269257925611682 0.7606569557822291 0.0679942787904108 0.07094790277456625
0 0.25736178131770937 0.8917365752142844 0.06637532960662328 0.08042327929507127
0 0.41768154987210127 0.27592120284981503 0.06259791375517446 0.06345634812326825
2 0.5646350792423237 0.278128012707017 0.21291163450389852 0.14637606458528507
2 0.41648180882209007 0.9207475672714385 0.21217589277750987 0.10805453421862629
2 0.5380460992833372 0.4280065228147571 0.2369992512860301 0.1190699997828088
3 0.4646076887766004 0.888039336545646 0.49111996037883815 0.18411161088107383
3 0.6099402853022063 0.2946286240876308 0.4674247920817358 0.21622536799124248
3 0.5401072472940729 0.6372229965172574 0.7829660694746303 0.3303002502896989
3 0.59613125219284 0.5370670653888929 0.7135982209866168 0.24252542443820957
3 0.631428228420143 0.44170697229777556 0.6351053501234225 0.21881439617128784
2 0.5983146932145023 0.6422062597311646 0.4591829771639539 0.23249225868864662