0 0.31823734126749026 0.74951155131185 0.06817933235903627 0.06476649225066648
0 0.2983629988181145 0.4190819165212781 0.07652469296852513 0.08665294010757799
0 0.32211717461777567 0.5610194886285071 0.056664022544450146 0.07396215607889053
0 0.312876280312358 0.2566124407430825 0.10220089760958172 0.11874238168189886
0 0.3929250991561444 0.6521252476693965 0.12320561180089129 0.10747864832955674
2 0.46246299968861737 0.7216803354831024 0.18039399853855434 0.09987792349254221
2 0.4772231308505411 0.5316086010143921 0.20404429774174832 0.13909495937096958
2 0.4663121681810502 0.39642087450282504 0.22099720105733256 0.1420864146268402
3 0.5361582480969085 0.7119085002198854 0.5102146209508379 0.16658279044176758
2 0.5296582541841838 0.2178494386529108 0.28893479455833043 0.15645608180416942
3 0.5496228012047261 0.38631326260987964 0.6050882214795041 0.23708036073187905
3 0.5662233178525373 0.5045061777296594 0.5791600563611252 0.20018322684986586
2 0.588518499288311 0.6284988478404744 0.28488298368260523 0.17071127041238215
3 0.6044924355500674 0.20923755438790076 0.7167989667043776 0.2625764073583704
3 0.64462583237807 0.6109431322195363 0.651517179834548 0.25309837664616563