1 0.32158411961013855 0.6545339305253697 0.10119305570029241 0.10400281585443293
2 0.4332829828121023 0.4365938018494292 0.445038371081101 0.2708972867295637
4 0.43407975072120597 0.2675396741101398 0.41809214243414883 0.25912343544651767
4 0.6039423877098785 0.7678835624497478 0.43339708102785374 0.2771277039785289
2 0.555780370871431 0.5859269964838286 0.31258509376152444 0.20982040840300223
3 0.5048076923076923 0.4074519230769231 0.9855769230769231 0.5168269230769231
3 0.4703621890543846 0.14543269230769232 0.9407243781087692 0.29086538461538464
3 0.5069612383878417 0.230206722592185 0.9415960181601132 0.42871549374101775
3 0.5997596153846154 0.7415865384615384 0.7956730769230769 0.45913461538461536
3 0.6286057692307693 0.5757211538461539 0.7379807692307693 0.40625
1 0.10026685714651105 0.5543075386919711 0.08955176564704513 0.11023323310339815
1 0.05372047976846469 0.21892184498676254 0.08904784469240049 0.10061784848801339
0 0.12124946769562678 0.35584316200081884 0.14066243607112014 0.12637317296543685
1 0.2663807518332014 0.8449281389194195 0.08398819190738585 0.09541770769529187