0 0.7582379650953761 0.12324477399494037 0.12902931955674019 0.12266503631836329
0 0.7657395295185161 0.4070386282436663 0.10440324891625388 0.10443803229264258
0 0.7326541957220419 0.28732449461299275 0.09702382213985125 0.09921031570031093
0 0.7816201915296228 0.5169155108461905 0.10647131844037169 0.0949626557721377
0 0.7947345258842812 0.6510408671294959 0.10465508138855029 0.11164957075418104
4 0.4873321422547756 0.19442415430225554 0.40709710065194177 0.2540105745192722
4 0.5947001925034262 0.716888085560935 0.30943225966431803 0.2051410199548508
4 0.5361874890320505 0.4553351745828932 0.32558762948178455 0.18689030738823986
4 0.5609013333687792 0.5767412596225691 0.30163311210075494 0.18789407259328839
4 0.4973863444019733 0.3443845227278806 0.33811052519560786 0.2020134247857156
3 0.42388205165014886 0.2053459072781079 0.843231118798965 0.3777697239053227
3 0.45746727180180474 0.615283534826762 0.7793880122800517 0.3356679749769103
3 0.42636606337201627 0.4834101623319779 0.8272131028846784 0.33125659841296723
3 0.47547324262158747 0.7515327210741541 0.7674527256682531 0.3373717806563575
3 0.3970963591998915 0.36949563194360013 0.77555711544986 0.29466258226664593