0 0.7966345542453357 0.4874337610980067 0.039217035878427106 0.023201802983246502
3 0.7235271069466083 0.4784366943535006 0.18040294010757799 0.07936362725905378
0 0.6937079871617642 0.3327856613614718 0.02255800111636848 0.027323850716537815
0 0.6185743914682352 0.6920178276675423 0.03714896635430957 0.032719238373716694
0 0.6320664745313381 0.5469279576470506 0.031837609102024746 0.018100263000810912
2 0.6533042954122561 0.31789937069177243 0.04145299371740936 0.018492059900468625
0 0.6128051708888844 0.615953851534188 0.03200549741688878 0.02290795530850322
3 0.6302578965571374 0.32297846843970046 0.16821582102348304 0.0740661888267892
0 0.5984393332503657 0.5792594892645517 0.017498476336379774 0.0199164138051705
3 0.5757859503095337 0.5386165354769457 0.1526175258963569 0.039824647323456475
3 0.5477029020084898 0.687926402455643 0.174923694540429 0.05993695957845583
3 0.5568184512180924 0.5992289678256214 0.14342186206813273 0.051452081193029534
3 0.5446885714185556 0.567440247088592 0.16771215607889053 0.05964311190371227
0 0.32610640878402014 0.9328636652814836 0.05646367974251076 0.035906678326878265
3 0.2997900173278606 0.9281804545766554 0.10496032360659427 0.04988489359439814