0 0.5038558304853458 0.556003307807315 0.0713679270592056 0.07010312316035275
0 0.6951253163518848 0.5955906522779446 0.10091412137975826 0.08229017594336109
0 0.32599380206639 0.4720077427456981 0.048473238820672324 0.04834264126540415
0 0.4342487373073519 0.4918748371120406 0.05878866391045561 0.06041781270589407
0 0.6064974660854413 0.5277445310093826 0.07701566793617645 0.08455417041905924
0 0.3809203890972071 0.4578993320984542 0.06994413756951773 0.08691606106946104
4 0.3554807250347174 0.35795790953224643 0.10807824275951652 0.1640349303419451
4 0.5550936683922782 0.3987961251671509 0.1497599674032896 0.2195471545654435
3 0.36711437275541364 0.30271839608113665 0.1717197729089839 0.39029015732759437
4 0.4461494253721322 0.2875479140351176 0.1490362183880008 0.24837932324378248
4 0.6582134780540081 0.3416842019391572 0.17123086615213515 0.25812057436950026
4 0.7767956926551983 0.3700276910991278 0.20287718189588425 0.3063653194602009
3 0.5802166318784427 0.3183861529397305 0.25617957841467826 0.5613967744529299
3 0.7867610975077824 0.3640740163857717 0.28798961079419716 0.5711939662499069
3 0.6721228181041157 0.30930220470130815 0.2584671250145348 0.5181555140193287
3 0.4525672107709418 0.2599316536015164 0.2535194246119626 0.515723697529853