0 0.1674487840407632 0.6386087850719016 0.0865689959501459 0.07166979337126077
0 0.7801395782593306 0.5294735014345613 0.03782051961376599 0.051320021334935934
0 0.5366108865098224 0.5219312868266021 0.04246032360659413 0.04662422930779924
0 0.41061882382647963 0.5188590538065702 0.04777168085887896 0.06115920651143165
4 0.17678946084978814 0.5086891924836536 0.09571125003262229 0.1271261053305556
4 0.3660370209500198 0.48867210647184794 0.05822650704858458 0.08542146861100428
0 0.6134233144025933 0.488918857407852 0.03301282730607396 0.05120812105438032
4 0.5120573223597367 0.4684601999081192 0.03815629624349448 0.06093540595032055
4 0.740086930345393 0.4727603211971147 0.07670177886246475 0.06423445434861108
4 0.6531859873043293 0.45076403977879215 0.050763136114749856 0.07804207972863253
3 0.3765910585029995 0.42717820405779877 0.15080894792215624 0.2605125967379275
3 0.1920405416801542 0.41586136485918784 0.25180867987300004 0.5390810097607908
3 0.5148961565065855 0.4215572248379803 0.12179490576113822 0.25503350274690173
3 0.7587186528071057 0.420685977907478 0.13283734105286818 0.29612268792339747
3 0.6490651154619358 0.3968173766679482 0.14924454334263096 0.28449510813611123