0 0.25600961538461536 0.8687528040687452 0.125 0.14306020545289153
0 0.5408653846153846 0.7955605015536873 0.10336538461538461 0.1472383947458083
0 0.4254807692307692 0.8001197740427468 0.10336538461538461 0.12560377936119266
0 0.6935096153846154 0.7574651619067023 0.10576923076923077 0.12086603183291991
0 0.8521634615384616 0.7023680372342453 0.12740384615384615 0.15514938100154188
2 0.20673076923076922 0.5769174412776145 0.16826923076923078 0.1923961345593657
2 0.5264423076923077 0.5267494009994351 0.15865384615384615 0.3050971246724569
2 0.375 0.5239443836413258 0.15144230769230768 0.2279642134111213
3 0.19110576923076922 0.48842977465153364 0.3004807692307692 0.9438392512735926
2 0.671875 0.4143446649214778 0.14182692307692307 0.4151844342934433
3 0.5228365384615384 0.4364673032261633 0.24278846153846154 0.8729346064523266
3 0.36177884615384615 0.43834938135709434 0.2620192307692308 0.8766987627141887
3 0.6682692307692307 0.41513819061280877 0.24519230769230768 0.8302763812256175
3 0.8389423076923077 0.38762460066629006 0.27403846153846156 0.7752492013325801
2 0.8269230769230769 0.2668043804950734 0.23557692307692307 0.5164699729984965