4 0.47900413636628714 0.10308877687346768 0.35457294333777006 0.20617755374693536
4 0.5508031789384173 0.5449652232381309 0.49546486062865674 0.2600505275279421
2 0.5863861421717625 0.8176409322697992 0.4688127185980905 0.25268515222044113
2 0.48106389426849816 0.29653076067823864 0.362553874372923 0.23524288175966676
3 0.5006721336047457 0.5572781425314723 0.979731330368863 0.38303986878320917
3 0.5276442307692307 0.8137019230769231 0.9399038461538461 0.36778846153846156
3 0.42990578780645217 0.3148602879401029 0.8516979812002412 0.3606640395044096
3 0.3971555881395972 0.14182692307692307 0.7943111762791945 0.28365384615384615
0 0.9216507132990834 0.48270136838068356 0.0963379568385217 0.08948772923708476
0 0.93439713807089 0.7555099365065925 0.11867202001733218 0.11365205728587952
0 0.7811028842598321 0.23828523750209707 0.11125064721753557 0.10639856332089662
1 0.7318405130234418 0.07388050156820927 0.09916147166888496 0.10392479132797647