0 0.4586948586999779 0.27403846153846156 0.14943240656139578 0.09615384615384616
0 0.4941322967290216 0.33533653846153844 0.14065635929904524 0.125
0 0.4739392075227665 0.921875 0.15288542440653458 0.13221153846153846
0 0.5305819115048501 0.10096153846153846 0.16051663154459014 0.1466346153846154
0 0.6365408886042191 0.39663461538461536 0.2116269037901349 0.16826923076923078
0 0.6469899749271752 0.21875 0.18971250928784153 0.15865384615384615
3 0.6754807692307693 0.8834134615384616 0.6442307692307693 0.23317307692307693
4 0.68169703788191 0.9158653846153846 0.3292754757697573 0.16346153846153846
3 0.7211538461538461 0.11177884615384616 0.5528846153846154 0.21875
3 0.7487980769230769 0.41346153846153844 0.49759615384615385 0.28846153846153844
3 0.765625 0.23677884615384615 0.4639423076923077 0.21875
4 0.7920287222119335 0.12259615384615384 0.3488559688976244 0.17548076923076922
4 0.8701923076923077 0.2512019230769231 0.2548076923076923 0.18028846153846154
4 0.8918269230769231 0.4362980769230769 0.21153846153846154 0.2091346153846154