0 0.6431378084325713 0.7119320533189304 0.06658252085991433 0.06261042706831023
0 0.749046928760641 0.7247544586838119 0.07201971618238218 0.08460934759188878
0 0.4774601475925269 0.6645988330786732 0.06452839860316573 0.0744475052680594
0 0.6103490232853421 0.6566794545310545 0.06933609091085803 0.07481181040702257
0 0.36558924609634286 0.6117486610363668 0.06445845382374629 0.07204365911421326
0 0.29528317700973855 0.5860335442137088 0.07173993706470419 0.07499396297650417
0 0.20846493635359897 0.5698606670969876 0.06693224475701189 0.074629657837541
0 0.7181374039216117 0.6516551663115716 0.07166999228528462 0.07259011682265801
0 0.5107071868966474 0.6119515837976945 0.0694060356902776 0.07721565656086873
0 0.8202658930703635 0.6581947274376154 0.07414378321855034 0.07517611554598548
0 0.4139937825074451 0.5854347117876623 0.06686229997759231 0.07222581168369484
4 0.6186040977927107 0.48700821674012623 0.10896096696894539 0.20014025279540007
4 0.29749366374278213 0.4147050019221536 0.11390854883547669 0.2053122502420554
4 0.727664346285323 0.48447885095923016 0.11129486834337197 0.19791855921103535
4 0.4202996519271945 0.4312063214272524 0.10125981505147039 0.18276687201003222
2 0.19133973668674403 0.3934691350188105 0.13638250157312617 0.23579777721354353
2 0.5152865473938273 0.4396032709986978 0.1192757993785251 0.2249073246117878
4 0.8257673975267884 0.4763221063079748 0.10464288811718948 0.21660287073336
3 0.1904433163810818 0.32144482668816665 0.1872499896455007 0.5826443708947303
3 0.6241148509852626 0.38788613534869637 0.17641982012640156 0.622598992662707
3 0.5204696872522 0.370438190245604 0.1748110901997528 0.5673105311242455
3 0.302362052093767 0.3347226134767522 0.16801922041473139 0.5811871503388778
3 0.41428078780645217 0.3480004002653378 0.15742460888747362 0.5468046939071053
3 0.7367458963189344 0.3844280753450996 0.17662965446465997 0.6298105311242455
3 0.8547092198059446 0.3993631666343122 0.19558064457775123 0.6216523670647136