0 0.17112569690135013 0.3837762745464968 0.0651389527843878 0.07246501381075454
0 0.6820100179262583 0.4505439351830206 0.04131912452653753 0.04108914730042133
0 0.33898293110069316 0.4284913674742602 0.05004350266954628 0.06276571818848108
0 0.7778611841505225 0.4800465905613205 0.06977855179413886 0.07008913799253796
0 0.4134768918785888 0.44489174293283196 0.06155845354495371 0.05562410556601668
3 0.12152713750155192 0.4826626182978369 0.19901383094252756 0.3375593787889416
3 0.38420170814617716 0.5592912053416537 0.13538771783960996 0.2867289803628025
3 0.68969176964888 0.5947886895816047 0.13992623688402042 0.35163282651664873
3 0.28399658952537377 0.5706958900821828 0.20790630238347732 0.36163979583084765
3 0.611709592955486 0.6144809693502622 0.14623029552325278 0.26997198312495346
3 0.814229233096322 0.6734233468516954 0.24364428144521738 0.4603653101523174