0 0.318580639610631 0.753116200454897 0.14736397708632495 0.1463888391662649
1 0.7521061697728103 0.4431687025362509 0.04936377630331197 0.059212946388754926
0 0.4041369588770838 0.5486424067452123 0.07658938595950869 0.09502525921026252
1 0.5865485109289534 0.469929329115917 0.0493078261630343 0.056809100234908774
1 0.5120852303000004 0.47841612678771794 0.04707183043002143 0.06382441445393255
3 0.25076437134519275 0.47807184171594425 0.377865516422757 0.772222097915662
2 0.7139213671955132 0.3029851078988675 0.10778544569732909 0.19834148858197695
2 0.4819512182884085 0.3737015517304828 0.0876594742221155 0.1583101561803211
2 0.5462116378290601 0.3407592664133559 0.11516483457970111 0.20614169977105945
2 0.3610315587724896 0.35226276385621624 0.15055313508215834 0.28340806993549555
3 0.451482510374199 0.30634470417912035 0.18834729161656022 0.46403982471531635
3 0.6865828523197117 0.24388097551362425 0.2190398000918809 0.4877619510272485
3 0.5225907924645836 0.25826698763786565 0.2112128100872867 0.5165339752757313
3 0.3501293209307161 0.30001508379544195 0.26359588408750045 0.6000301675908839
2 0.21369756663440198 0.3341843657265342 0.3005467687615389 0.5427776783325295