0 0.5193476942065707 0.2662069871746129 0.06647045008162394 0.0676852918386918
0 0.48619337955902786 0.08094301131468148 0.054115518470726605 0.05319228907654088
0 0.5131122683827459 0.15320524019212148 0.07401768938482925 0.08215032426521313
0 0.6630270015469557 0.6564132334953184 0.06876239595491448 0.06289158469881428
0 0.6015840245779384 0.3916684977125012 0.07625368511784199 0.07495277097148954
0 0.6684761105897441 0.5807340351526089 0.03689694441185901 0.03626746982491424
4 0.5937230298689103 0.053928113097116565 0.14848097001378208 0.08018001831362566
4 0.8288974108575863 0.915756708693464 0.08765746434401714 0.04858038911825592
3 0.8371989721154922 0.9109979644731235 0.18202291588707262 0.07556811835534041
4 0.6877837704575855 0.2227217876594022 0.2437416238012822 0.14562928601224895
3 0.7031849698964745 0.21319730663481376 0.5023519157697651 0.207221852814586
3 0.759651399197917 0.4190268338966781 0.3151856067333334 0.11720268720053895
4 0.6882283567626604 0.08692545771881671 0.25833255114519244 0.15292473548067612
3 0.6910238538984509 0.10376636596355458 0.47820155395074804 0.2022743088287457
3 0.6768515476675747 0.06282406292518859 0.4690877107197649 0.12050158409453206
4 0.8274107123840283 0.6453519867214013 0.22395135316773518 0.12147894313126911
3 0.8145512245715817 0.5575486688508501 0.3420195654075856 0.1341834471234248
3 0.8064903846153846 0.6370192307692307 0.38221153846153844 0.19230769230769232
4 0.7700760509692309 0.35058714435113664 0.24323807253878235 0.12399467062763356
3 0.7749676684873401 0.3542208839175354 0.4273291337380343 0.18515369722771197
3 0.7622760310957267 0.27362910450852274 0.3927241351994661 0.14409252026292008