0 0.8194558764504317 0.04707251362205351 0.1281898779824193 0.09414502724410702
4 0.6049907561194792 0.5906123957805942 0.32158884433672863 0.1484977538580903
0 0.5180401819220785 0.7810801386740666 0.08572955437582504 0.052540925411090185
4 0.5537469322929996 0.08575415966665156 0.3764041753422821 0.17150831933330313
4 0.4969244986878978 0.7336654228241096 0.4960088739325652 0.20108743778068516
3 0.4946045966914837 0.7314578009127781 0.7483287759289792 0.21928713709087908
3 0.4874541270533139 0.5930158452022746 0.7813950129808007 0.20520735340916146
3 0.4539873169083843 0.11199964801819588 0.8756792123370776 0.22399929603639177
3 0.3058301671241603 0.8175786412461267 0.4955891531454047 0.18906820701145413
4 0.30235031412953917 0.8142672083791294 0.26398048080185316 0.14619221819158448
0 0.825808825643597 0.5821751500846293 0.09104091162810973 0.0673564508191966
0 0.8108782542371171 0.7008466207144068 0.09137668825783808 0.07697183543458135