0 0.7946064685337729 0.3458528985702048 0.06405249375563461 0.08966956103412553
0 0.9037926517256553 0.3579428996106936 0.06666613636294508 0.10171676308573378
0 0.4536859908867248 0.38636611595992715 0.05435319055886449 0.08474998359692275
3 0.8017191920607568 0.4204700288277572 0.11021691558267085 0.25603842873230703
0 0.5085968188089508 0.40864407083922755 0.05426927197747871 0.07994229128923044
4 0.7974210945335558 0.46009153344265236 0.06455600524394875 0.11851571488027937
4 0.45196565996831867 0.4849238082676195 0.08416440809095331 0.14037410052391558
4 0.9146911482305343 0.5600338042280362 0.10254382492351127 0.22951220719286647
3 0.8966413224313416 0.5610259426871272 0.1595526173803787 0.32871323899524374
4 0.5178257567471084 0.5686396964818848 0.08356481143689898 0.24371151385692258
3 0.4394909602936442 0.5797498605738434 0.11669081293372148 0.4892394769377617
3 0.5106412812230937 0.635877460583633 0.11546182691927462 0.5565191979630763