0 0.540186948358707 0.38742938915431896 0.054283368891559894 0.060403827538079415
0 0.5339275672209399 0.2949302603185939 0.06155085749337603 0.06284962919536993
0 0.4705003701501598 0.5416601351153798 0.06630259966079066 0.06047375337715348
1 0.4417361316363243 0.6415735873459578 0.054115518470726605 0.05319228907654095
0 0.4591255709331727 0.46241013046143803 0.0638428033666667 0.058055922055492405
4 0.41717217339951895 0.35449577914293484 0.1759863303713677 0.12600693208266542
4 0.3664086386502132 0.5218357976076311 0.13249329904102572 0.11613981444661438
4 0.33529650412280926 0.6193593888521778 0.159047507013889 0.12110134360026947
4 0.39665756575950833 0.2548690228525601 0.19790069645737185 0.13815202936222926
4 0.34089051321153807 0.4306504731913474 0.16351949847991462 0.10670623701282213
3 0.33725877878872834 0.3285219745724228 0.4854130924122865 0.20231626433219005
3 0.2849855951909718 0.5090901394671803 0.4441560568149574 0.18525159340241545
3 0.2562493317472751 0.6078016686208354 0.4493554001045942 0.20210648681496798
3 0.2883136235984505 0.41773699303711914 0.43431687163846167 0.17558026811577157
3 0.3297415244337604 0.2384336844744513 0.4903326850005344 0.20715192697551194