0 0.6855655567390511 0.637269930541948 0.05962302331324583 0.05864865581557602
0 0.5832914461702834 0.662499582462118 0.06459860393580204 0.06373636431302779
0 0.5124275648387592 0.4880462869772874 0.05721917715939954 0.058508647720696146
0 0.5803038204532232 0.7486880237633802 0.05962302331324555 0.05864865581557602
0 0.5315782194509068 0.5899178780555444 0.05970696747067778 0.06105250196942217
0 0.47073417631608544 0.3932580805361342 0.06700245008964832 0.06387637240790767
0 0.5922696414767061 0.8165557484505915 0.05447955437582504 0.04875325501043193
0 0.3872062158287476 0.16529013323972921 0.07918956917374327 0.06938410518999873
0 0.3922008931959567 0.30831897939357533 0.04992369454042899 0.05568477728221065
0 0.3552045479506693 0.24499078509474184 0.07918956917374313 0.06938410518999873
4 0.4095696747067775 0.5996043882935993 0.2188950129808007 0.15428764352122243
4 0.4341843076802319 0.6862009996090557 0.23331808990387762 0.15512769209050112
4 0.4586310523388223 0.7679899186168198 0.21623933435465842 0.14693609696480409
4 0.25570820270538186 0.17802238032903434 0.2093635725228483 0.1561314572955495
4 0.3525450907351161 0.5123195907741891 0.22113097081978267 0.14961995930841
4 0.45207962946970875 0.8551702708526854 0.22817462096645696 0.14523229128535703
4 0.3135913249960168 0.42728677704330037 0.22610655144233915 0.15470766780586176
3 0.37695369285380076 0.6960619591780952 0.4905601627771006 0.23968008860929485
4 0.26129048917461556 0.33787814955980355 0.20612028479468128 0.13195298766220823
3 0.39589448707236813 0.7919239348717367 0.4905601627771006 0.23968008860929485
3 0.3123512593791882 0.5291702223920023 0.5003434357073492 0.24504781329650635
3 0.41175988187763274 0.8684151332397292 0.4592262186196685 0.2354561372220117
4 0.22748019237293693 0.26274073663405884 0.2062042289521133 0.13435683381605432
3 0.3273085356585419 0.6140048782510166 0.5002594915499171 0.24264396714266007
3 0.2684219130175324 0.4390497001636616 0.495535743399657 0.24476779710674662
3 0.22268393773227635 0.19409111315456373 0.4406670026483558 0.25356684169374283
3 0.2258204059689478 0.35260495121353014 0.43485198045147855 0.22444067165782947
3 0.20278544478086089 0.2768956516378213 0.3928113776320447 0.18840668789102727
0 0.8935211243808066 0.5126414161695768 0.07189408655477245 0.06656023475151329
0 0.8534913518009325 0.43114436762201735 0.057051288844535225 0.053700955413003834
4 0.7766560485740981 0.5322233272127759 0.19443683065517858 0.14086833180319402
4 0.737912143228579 0.45320012886650246 0.18507327851209035 0.14751983788521328
3 0.6960127238511356 0.4555576795137988 0.39597072120277943 0.21018131137052237
3 0.7198031824561113 0.5529015944741229 0.43501986876634263 0.22924836396552178