0 0.23544334776315404 0.224477356044395 0.15077841351047194 0.19590048569278612
0 0.6849206064536687 0.25186079286383467 0.14323109841920492 0.18586507679276215
0 0.44553949141942795 0.3125892262874083 0.12531290129566486 0.1536350201286038
0 0.12191311197026576 0.33709737234275017 0.17797621861966842 0.21907519012107896
3 0.3022282783816012 0.38132182966001876 0.3157891402950932 0.5245725422266296
4 0.2875075673687015 0.492470639386906 0.2142323336539092 0.29555453421862654
4 0.12770520788368 0.5506078014799735 0.22929642942475847 0.24605382165201561
0 0.7463750830751784 0.5613494972486893 0.1817765810381759 0.19050905246468458
3 0.14737101605685152 0.6017886111851417 0.29474203211370303 0.7355509713855721
3 0.5088254722986014 0.6041190885658566 0.295337402192148 0.7632770604726878
3 0.8088942307692307 0.7211538461538461 0.35336538461538464 0.5528846153846154
4 0.8569711538461539 0.8341346153846154 0.23798076923076922 0.3269230769230769