0 0.157862179176495 0.6061860939073449 0.13799054273149094 0.14413468406502888
0 0.5194981916364116 0.662329261367381 0.09075027820978275 0.10487591908032648
0 0.4211098654005986 0.6304167257772874 0.10075745972482522 0.11465914085848238
0 0.3389607668922218 0.6126335520754208 0.10335720432850036 0.11950879245686757
3 0.5335702659854037 0.5527864242046097 0.1827657160565691 0.358706381117729
2 0.5424469412704878 0.5117951617171466 0.11340927031255778 0.18934620879048458
2 0.4455278534083914 0.4438249338193606 0.15500518397135848 0.26694063436464677
2 0.36349914635943664 0.3936108166859174 0.15966186229823703 0.32227105519380106
3 0.47042132559313327 0.39294555132700953 0.23842961392091985 0.6046959153332003
2 0.16380236923144234 0.31302176136484616 0.21646444667943035 0.4193480057428896
3 0.1778846153846154 0.34718793206799786 0.3557692307692308 0.6943758641359957
3 0.37301249160646466 0.34158909652931924 0.3068596321716861 0.6831781930586385
0 0.6843860755199486 0.359184077177617 0.09962695349486676 0.14586718156778963
2 0.5801309675934495 0.26491839910494824 0.237421597776529 0.2851941733251261
3 0.6167987974851361 0.2268670167347975 0.3769793281066509 0.453734033469595