0 0.4878562941929307 0.5535920316504812 0.08702882377866536 0.06680615092329066
0 0.31330768929714764 0.5315347753966349 0.09600638042283577 0.08860861672873946
0 0.17783387321228206 0.5031891579958334 0.0826135799560024 0.07150194295042749
0 0.8766903016562979 0.6730090768912935 0.07662854219322203 0.05696696574679495
4 0.455992448745303 0.7363952346842951 0.17145718042880398 0.2487171665298078
4 0.8466907848786425 0.8198664878979707 0.160860674600846 0.2364741351994658
4 0.1491833485103942 0.6812685939323718 0.19186529511466127 0.2635878445751069
3 0.30607097811552547 0.7221090182947651 0.2930222643543828 0.5034709185753208
3 0.45913461538461536 0.7512019230769231 0.2644230769230769 0.49278846153846156
4 0.27563045270741915 0.7166019492336007 0.133437245695965 0.22383945288717955
3 0.16098177741527525 0.6935396003328527 0.24896813661509337 0.4928484314349362
3 0.6730769230769231 0.78125 0.2980769230769231 0.4326923076923077
3 0.8353365384615384 0.8100961538461539 0.23798076923076922 0.375