3 0.4690179734471908 0.5752659469432386 0.18293729044632664 0.10259147249907759
0 0.4297239697005868 0.12318882455916286 0.05960539487378428 0.05642766098759138
0 0.515476939170741 0.2948774960814392 0.0594091706312696 0.05402381483374523
0 0.4885690452261474 0.15565504673879216 0.043612524010589945 0.036272618990828405
4 0.5431709202818905 0.09219849095607374 0.16910288625079362 0.10887873819462233
4 0.5876414790297957 0.270806751526253 0.12205623963011411 0.0891249513587191
4 0.7019452741519172 0.7336688985859119 0.15448358508520216 0.10555061927478239
4 0.5702262799574944 0.14534461514325614 0.12249784335881363 0.06524053528125649
4 0.6383670326485009 0.4235118635176209 0.15487603357023152 0.1103583115824747
3 0.5949761039665924 0.14095247709912978 0.2574565212155574 0.10736688179004521
3 0.6327258832253286 0.2665220768236947 0.30308044289496433 0.1389858539341803
3 0.6012556764592276 0.10070327432774097 0.43808827599537825 0.1524200920578141
3 0.754658242915853 0.7203079983814653 0.34772324336179766 0.1585855953090845
3 0.6953725554920074 0.4187954930431343 0.34271932681159084 0.15587365823324048