0 0.4538978742645187 0.22115384615384615 0.07867657864504889 0.07932692307692307
0 0.6875067712132676 0.25240384615384615 0.07044697665493707 0.10576923076923077
0 0.35494690881191665 0.2824519230769231 0.08234022718550668 0.10336538461538461
0 0.8848060153770019 0.27884615384615385 0.07981040079299936 0.10096153846153846
0 0.6098175912389395 0.28365384615384615 0.08411417214604701 0.09134615384615384
0 0.5130917232014761 0.2956730769230769 0.07765851511647553 0.10576923076923077
4 0.7206106991256903 0.4483173076923077 0.134931995615663 0.28125
4 0.3641383554245391 0.4807692307692308 0.1377240041047768 0.24278846153846154
4 0.6403287026395243 0.47596153846153844 0.1501109539707069 0.2956730769230769
4 0.8942494224669465 0.48197115384615385 0.15365884389178758 0.27163461538461536
4 0.5116548324797825 0.49759615384615385 0.13442807466101833 0.27163461538461536
3 0.6446647992540502 0.6045673076923077 0.185814469608235 0.7475961538461539
3 0.36758747955879456 0.6153846153846154 0.20111940820194021 0.7644230769230769
3 0.8985225289621416 0.609375 0.19896752252541625 0.7692307692307693
3 0.5218115741209319 0.6225961538461539 0.20048950700863438 0.7524038461538461