0 0.3524361957716419 0.8481455517996725 0.08217197622730286 0.09678642597234809
1 0.011174278307164736 0.8077943470606643 0.02234855661432947 0.07927385832102374
0 0.7970740013676753 0.7869026382586404 0.06097896457138701 0.07196437063457085
2 0.5544080312062232 0.7512693568892945 0.1507549277452577 0.17385233658935453
3 0.5500417442611474 0.7167074353332686 0.2720746321846518 0.45671440865700047
2 0.356507551254697 0.710218245628262 0.13010143357321555 0.18499002433435516
3 0.7404361510212802 0.7029598311804117 0.22811921166486826 0.2704428641118732
2 0.059851865373425 0.6828474118165637 0.11970373074685 0.18950386896730392
3 0.3639396932145023 0.6631963217908902 0.21516722146240264 0.4639790118744385
3 0.13465294532942734 0.6508893250076551 0.2693058906588547 0.4156980100608021
0 0.6121744684962018 0.9094375470620105 0.06573750163540915 0.10090847370563913