3 0.5497688916287141 0.8047454440591328 0.7706224386378303 0.30010637512036725
3 0.5297023981355753 0.6520103096991059 0.6736292551309501 0.2707008145616217
4 0.5648693057830678 0.7868075014960827 0.3883666790504552 0.2137621032210143
3 0.4738394939801683 0.34284336815748645 0.6039177166694117 0.2702952446949926
3 0.4398523988466805 0.16599285383601664 0.8169949633551025 0.3244105548473101
3 0.5155406028579226 0.49570436902784654 0.616146781776901 0.27757670899560505
4 0.4618367381283934 0.17813795111558056 0.4220205252043015 0.2139578955704213
4 0.6068702817866204 0.6608712966076408 0.4009454680550422 0.23306279829085733
2 0.5801646698940905 0.48646658394346143 0.37125997685585416 0.20404882243092606
2 0.5538087818986583 0.3240811020485129 0.3779119570820366 0.18486000870360117
0 0.1432242281294467 0.5031520526319377 0.10149537304331169 0.1015349303419451
0 0.09618159236222691 0.2493155281322244 0.08742202001733235 0.11347025010428716
0 0.22993957417125493 0.8401380395404728 0.08452856040754962 0.09662934185954916
0 0.2616257177652279 0.6901074324423101 0.08933625271524193 0.09665731219517901
0 0.2190539122353943 0.3834212554775184 0.07965092332043774 0.09419752537007343
0 0.26573757536938963 0.5423198420681234 0.08445861562813005 0.094225495705703