0 0.5489261694608693 0.794011309153396 0.0759038873620941 0.08149521123892793
0 0.3162356243807599 0.7595824347804728 0.06919586038886963 0.11013153074682308
0 0.6509996291257677 0.7332470668120923 0.0787273264228686 0.10560361755680904
0 0.12069979645853383 0.7322473198731674 0.07868536713217579 0.10319977140296288
0 0.39610801823668973 0.7306406125013166 0.08092137612325072 0.09365433156699783
0 0.49371554321161604 0.7190502991447298 0.07640739885040823 0.11034136508508177
4 0.2931920192345715 0.5641015037453198 0.12995119630175408 0.2872909746836606
4 0.6532593475310032 0.5348947867300748 0.13168369380451495 0.24889938100154174
4 0.37664920267592417 0.5364665217122159 0.14462602896898794 0.3021337202832547
4 0.12304343344515495 0.5290873474834576 0.15137601523290525 0.27590124692920553
4 0.5056535851682753 0.5173720289496212 0.12978335913898265 0.27767559006827613
3 0.37889402472799066 0.40786075248144665 0.17655283715770162 0.7547562450005267
3 0.656769031596032 0.4027182206582462 0.18646193680793607 0.7718629471951277
3 0.12526727585187497 0.4016835013296115 0.18414200923547558 0.7766006947234007
3 0.5018258528996871 0.3921971670010724 0.1886559865083182 0.7599136612053164