0 0.1907865144364772 0.5572638066105191 0.07751045397129835 0.10409591365880069
1 0.8079806063428099 0.42992739426904436 0.05327620008342967 0.06946257525581014
0 0.5880846239371459 0.448505132964101 0.060641575390930916 0.09619873062286124
1 0.28303391025153596 0.5018100691436206 0.07020101933505632 0.08697514290713435
2 0.7844308243227167 0.3082617580595778 0.09718874857214115 0.18180258438119332
2 0.5705514498855757 0.32779654676927134 0.12138104695656547 0.20922438432264556
3 0.7576948281062984 0.2588584303028675 0.19732676484290523 0.45745311798730104
2 0.17407067134692306 0.37040047657246306 0.12389677445292992 0.22855310277832921
3 0.16077959166169523 0.35891996654026176 0.1904229000732925 0.5100438856971732
3 0.5569946520118667 0.27064295981399317 0.18541941541619303 0.4761941410934981
3 0.2772053006933635 0.3265251983626803 0.19496487419250366 0.4645667072239251
2 0.27113974463748897 0.31715468680958175 0.14807508766953945 0.25357105656593515