0 0.45745419580249264 0.7516405483289331 0.0867699787772155 0.10139139182781065
0 0.1272607434838677 0.6454308499020361 0.08398819190738588 0.09402580790527318
0 0.745711431477113 0.8347987816111555 0.09182963156223013 0.10650717505750097
0 0.6018688245816115 0.7872485609506786 0.1019489371322594 0.11673874151688132
0 0.2998865141061925 0.6936276930175774 0.10169697665493707 0.11193104920918902
4 0.4899418945469103 0.5944035519351462 0.16770398009888113 0.2742819864270102
4 0.6282839178220831 0.6284245278274713 0.17390767665113044 0.25551335357923766
4 0.3164342622539573 0.5293797857426819 0.19111254044403686 0.2638032102677689
4 0.7917403454739796 0.6616591349064392 0.17061174720737207 0.2840514165033935
2 0.16146450787913727 0.4523672293920553 0.1857907055624157 0.2993987661924643
3 0.5088151663002644 0.4973863142374434 0.3398070469316185 0.6782176197007135
3 0.8106714965370223 0.5886033360166986 0.3318396270381132 0.6633324063946398
3 0.1748899645122091 0.38854170146520184 0.3454966009099389 0.6953526336996345
3 0.6544317181563064 0.5330713495896884 0.33740320077777225 0.6780635742397146
3 0.3449859087420266 0.43418065296589803 0.33006568207757275 0.6751975917028716