2 0.19190319247806306 0.5904116420824461 0.12823126986966585 0.23929541950251668
2 0.41529069781639405 0.5581292308304169 0.13969520001703797 0.268253458478181
2 0.07666525293182215 0.5805856307839155 0.1533305058636443 0.31898596925034867
2 0.610294185691568 0.5182996257283177 0.14835402884970414 0.32840555488909007
2 0.8922821299798381 0.434977861663281 0.13402411616548887 0.2922080061695098
3 0.10348898946531501 0.4639571353988105 0.20697797893063002 0.8606065784899287
3 0.5979650215946832 0.4291475334181779 0.2559930337337104 0.846099587719719
3 0.17830938167646193 0.44591514566908963 0.2596615265922729 0.7908950400283903
3 0.384407827554873 0.4206484739019555 0.31168275043303156 0.8155208984967817
3 0.8830661581196573 0.37232401961020406 0.22905999145299313 0.7256835097683905
0 0.6065703388278367 0.7828765447044714 0.10789358420649145 0.10934787078293641
0 0.20466589475253227 0.7854168790089494 0.08548874151688132 0.09707689847230719
0 0.42119653467075363 0.7662856933971298 0.1054897380526453 0.10931989950055893
0 0.6715959474259573 0.7066527498408347 0.09045047928557264 0.0995366871909086
0 0.8978494353011311 0.6671867714096446 0.11075956674333462 0.11658738052685234