0 0.5543721625274501 0.65544959695224 0.028262412925744666 0.03309902627735266
0 0.5600165386787297 0.2684556361743443 0.037877797541129285 0.033771399469116975
0 0.5773961261656486 0.7367095929554861 0.030246234794951476 0.026055581113754903
0 0.5765312474802494 0.5857968351483369 0.030526250984711085 0.03086327342144748
0 0.5739366114240521 0.13305856172688946 0.02812240483086493 0.030695180123506267
0 0.5869618505487921 0.4067102966867984 0.032370064759038156 0.021415982104003844
0 0.58812821081438 0.3452441264657804 0.027702380546225588 0.023483641661967772
0 0.5951805189410704 0.8043282018677255 0.022894688238533415 0.023147455066085544
0 0.5937770732665814 0.45545959295548594 0.027702380546225723 0.023483641661967772
0 0.5985503243381689 0.5185479194982799 0.032510072853917896 0.02381982825785
3 0.6899642390813019 0.2751288281093192 0.3012734007182677 0.11682932180060525
3 0.6884693239689438 0.1350333779944778 0.27315099588740266 0.08613414167709897
3 0.6958349679462679 0.40225526432491854 0.2693233602438689 0.1026248781581398
3 0.702720194711497 0.44980263751668303 0.2597079756284843 0.10195250496637534
3 0.7053825916646735 0.6527342742274068 0.3223479837233639 0.10872677686669072
3 0.7050195955817985 0.513924793838459 0.24656868010021535 0.0818812692459004
3 0.7069689762149006 0.5840565655448503 0.30510103636180147 0.10033858531956433
3 0.7095732233910823 0.8087068642891599 0.26635948171050355 0.09284140024481392
3 0.70682672496956 0.3378556980648958 0.2772349391798062 0.11514838882119391
3 0.7181611342605283 0.744139204731196 0.2950656274617775 0.09245467366626141
3 0.7191293366542416 0.7067955426976101 0.25095634812326834 0.07500591738024417