0 0.4146726735667421 0.4765124687781737 0.0692171190618169 0.06844059315639871
0 0.2203319496549948 0.5236574743988629 0.0988335002129655 0.08096333541394347
0 0.6145770179884703 0.4739854745210632 0.04635013998920989 0.04883219030939401
0 0.5068822189567526 0.5021873426536556 0.05658170644859039 0.05861541208754991
0 0.33087843212084933 0.5448393506468487 0.07494908413550296 0.08294758866086127
0 0.5714009514581014 0.5093298588869775 0.0678915911349635 0.08522555694262889
4 0.6373849582445963 0.5874907348854929 0.104225091347929 0.16509795079855885
4 0.43567865041031156 0.6369137087879497 0.14607562995144446 0.2186539148342594
3 0.6508228811795423 0.640669065304958 0.1619745954510615 0.39181475649256825
4 0.5840400488826402 0.687634067178521 0.1408666824828925 0.24977803696218112
4 0.36469000854700667 0.7307327310161663 0.1655213258653498 0.2598130144844941
4 0.2438510783996346 0.7575018999730252 0.1948904973166376 0.3059476436051921
3 0.4473450505437697 0.7177362699766457 0.24021951548967982 0.5636626935550445
3 0.23798076923076922 0.7367788461538461 0.27403846153846156 0.5216346153846154
3 0.36778846153846156 0.75 0.25 0.4951923076923077
3 0.5937485977368866 0.7239015559396775 0.2383709699576923 0.5348165397088906