0 0.3401253571381496 0.7066111049510883 0.12456824050871682 0.12012118206963752
0 0.6304303746213584 0.6226605500174416 0.1173147427564856 0.11729731163115203
4 0.42411646852870327 0.4281375583077936 0.22997746378369535 0.38080921436228
3 0.7670063030695002 0.3988798697217542 0.418627990754385 0.7327959834192961
3 0.407079748998316 0.4151382708744044 0.39327662462009094 0.7937558943756187
3 0.2274626361109398 0.4430992022199603 0.3738360589358576 0.7806165988473499
4 0.7910718275454856 0.33304226241029944 0.27281493506164295 0.4961701212060051
3 0.5671513979747268 0.36802842861596424 0.3121874113340691 0.688174088783048
4 0.21500283278943427 0.41715877713017685 0.271849871375708 0.4408816596675437
4 0.5760954339390261 0.3301269225339448 0.2378603508963191 0.41969077710845765
0 0.7837039947509816 0.6676087563499992 0.15454729520357718 0.18670512536204079
0 0.5095545516936106 0.7140778294862659 0.11031300074841131 0.12889651811574346