0 0.36181104423949006 0.3301173114139606 0.2097398216954538 0.18710144110579002
0 0.37889203181482173 0.6233865421831914 0.1112295464695417 0.09991035617470974
0 0.4615136314223411 0.1909849833758579 0.151651198259397 0.1358043318466322
0 0.44218354172708974 0.8462786352525895 0.19842063140062186 0.19842063140062186
4 0.544885570254641 0.6558136351439939 0.20031186225672912 0.10749450183910735
3 0.5721690480914577 0.5483987484723107 0.36631725496699363 0.11955890653965745
3 0.6201923076923077 0.36778846153846156 0.7548076923076923 0.4375
3 0.6598557692307693 0.6826923076923077 0.6754807692307693 0.22596153846153846
3 0.6694711538461539 0.8653846153846154 0.65625 0.2644230769230769
4 0.7439903846153846 0.359375 0.5072115384615384 0.31009615384615385
4 0.7416605457528104 0.8876781005561424 0.325824477554468 0.20584106042924935