0 0.4198489535039979 0.3870595835623763 0.027533581738924687 0.03140383684596278
0 0.4633280956162086 0.7715001535800761 0.037148966354309435 0.031459777517221926
0 0.3858707683874551 0.3091163907439686 0.029685595420474716 0.024206283552239107
0 0.40670030614824443 0.458063948691634 0.02985348373533889 0.029013975859931415
0 0.4657090664359913 0.9085333695171216 0.027449637581492735 0.02899999069211663
0 0.4189637612615502 0.6371155242336355 0.03432539941330285 0.01942656158017651
0 0.4258700575050447 0.6971837077441597 0.027197805109196473 0.021788452230578167
0 0.35952384251961117 0.24315047319134742 0.02239011280150403 0.021760481894948596
0 0.4052656473436777 0.5891085269957864 0.027197805109196473 0.021788452230578167
0 0.39350968671377495 0.5278663907439687 0.03200549741688878 0.021816422566207742
3 0.3337722357808125 0.7794668911036134 0.3017704660039349 0.10750339157826562
3 0.3530640738349504 0.9188060570198016 0.27183303811116394 0.0760855695644879
3 0.3125382444387049 0.6533628642013939 0.2676968990629283 0.09528836845962783
3 0.29892407467826454 0.6077597131173911 0.2580815144475437 0.09523242778836842
3 0.2702381500693539 0.4059625027046473 0.3206654586049757 0.09799988830539928
3 0.2882441208891367 0.5429048150508966 0.24771063241527022 0.0735418717324939
3 0.2774382508638607 0.474444147753633 0.3059905492096026 0.09070443883697211
3 0.24563495476293123 0.25222823020101176 0.26736112243319987 0.08567298384424302
3 0.308837093383472 0.7195035963517001 0.2776480603080411 0.10495969374627133
3 0.2466575518579584 0.31593714586184224 0.2961233321219217 0.08343695970417436
3 0.24916060937507883 0.35318976866255025 0.24994659025425228 0.06874816459261637