0 0.17577596331317433 0.6696072153931343 0.16493742703807865 0.18293583258085633
0 0.8290649741318133 0.8335645755175077 0.16314976272822818 0.19239717173524193
0 0.7494156610301862 0.7674140665729637 0.11260811227532212 0.15085472405372422
0 0.5776804073884789 0.7025443458414985 0.11152979404832923 0.13402780097680114
0 0.45064737578442393 0.6441302353692829 0.12145326958571172 0.13945167512848947
2 0.7768325084192308 0.5788500474486773 0.1990211265581972 0.2665151473436129
2 0.6088570694692916 0.5166152410625565 0.20592457409773765 0.2621695914189175
2 0.211685137376836 0.3894193921117647 0.27853069330153146 0.3865211265581969
3 0.225954168838914 0.3879398187239123 0.42306218383167415 0.7740310919158371
2 0.8653846153846154 0.5348557692307693 0.2644230769230769 0.47836538461538464
2 0.4663387842235294 0.40334436482380787 0.24808320362325084 0.32232662648720845
3 0.8305288461538461 0.5288461538461539 0.33413461538461536 0.8317307692307693
3 0.7783909469432388 0.47241805271601983 0.35529235514098517 0.7625062805463279
3 0.6226658069540287 0.414559242865663 0.36382942152937675 0.7462955393134005
3 0.47170177715308037 0.37496034736065087 0.38090355430616074 0.713874056847546