0 0.7411693716720438 0.421483310209191 0.07614675225254157 0.0798615536705103
0 0.5312737640458194 0.4384673289276667 0.041107123473422755 0.052047956829400346
0 0.48370076192354095 0.4500416980413403 0.05553020039649968 0.05263565217888719
0 0.61337736318293 0.46523410681610966 0.03579551021108593 0.042236673764186876
0 0.6589193490577038 0.4838547384628846 0.05553020039649954 0.05263565217888719
0 0.24382517830321226 0.4465664920741741 0.06792737188171394 0.06033693676499779
0 0.3884287774403229 0.4707865901148413 0.05400821591328153 0.06936462603089584
4 0.5967870681544031 0.5393839829201902 0.06804313050109091 0.10831591061700643
4 0.5225197978624945 0.5472281012002304 0.06955489336502474 0.1371620644631603
4 0.7341110279010024 0.5855815186326734 0.16644417771226963 0.24665336577914013
3 0.6046233969996051 0.5739948790886733 0.11772713182275642 0.27825027820978276
4 0.47918246616429105 0.5706747772457631 0.0983908255918944 0.1839125828602962
4 0.6393480751820712 0.5930562822475633 0.09181940994294607 0.15006283825662117
4 0.3760690420262288 0.5796942862247766 0.0923233308975906 0.15967822287200578
4 0.2297544880479084 0.5687932912551777 0.12293320808500059 0.19450745972482522
3 0.5255433235903623 0.6049204088925381 0.14958658977749387 0.38269310429922637
3 0.7341008062817184 0.6313525447806647 0.23153865462773274 0.5275564533484975
3 0.6377579897698804 0.6316647445464734 0.1490826688228492 0.37307771968384174
3 0.47562946543356827 0.6177946503080491 0.16526946908718243 0.40731926118717443
3 0.3686583115874144 0.6221533908167421 0.15439428208518619 0.3828890027490552
3 0.22170874560614615 0.6221186781519081 0.18563406046590206 0.42973747037110555