0 0.3389952653393583 0.6338629535894342 0.10601001368807471 0.0703209964162759
0 0.36198281778171054 0.5772516995450305 0.12092283673572378 0.08309610861747366
0 0.3997076384302452 0.9414395026623649 0.19053642597234782 0.08434568938480097
0 0.35495291582237787 0.434285843510515 0.13063617057602295 0.08600387572596446
0 0.3922104325808477 0.8165654829010263 0.12563257981850165 0.08094422294094983
0 0.34417441093834633 0.22888297759533 0.14967104135696332 0.08220402532756133
0 0.437691701197538 0.7503439550508799 0.12882001977166352 0.10030097241037995
2 0.5271482958750708 0.4035806509422963 0.22335361357097921 0.12444497094893456
2 0.5721234577934202 0.561420736354487 0.27913182123401287 0.1393617472073718
2 0.5646915871302486 0.20166779563850357 0.32769849043550825 0.15390058274982577
3 0.6466346153846154 0.8966346153846154 0.7019230769230769 0.1778846153846154
3 0.6454326923076923 0.5480769230769231 0.7043269230769231 0.20673076923076922
3 0.6310096153846154 0.20552884615384615 0.7331730769230769 0.22355769230769232
2 0.6861469558334143 0.7288915388109886 0.3515410535241408 0.1503526928287449
3 0.6454326923076923 0.3870192307692308 0.7043269230769231 0.21153846153846154
3 0.6826923076923077 0.7223557692307693 0.6298076923076923 0.20432692307692307
2 0.7449799415598614 0.9016637329105429 0.4496089997072609 0.14349865184462154