0 0.2325108968031611 0.7507626526452345 0.03225764840608111 0.023272358487210234
0 0.23321230960439118 0.7098342779105195 0.032145687472072096 0.02086851233336408
3 0.2502071740823278 0.7071103703503782 0.07882641280123014 0.04489675225254157
0 0.2620255023260214 0.789660011132445 0.027226034230370767 0.018212705702195874
1 0.27638597092739864 0.895235160734042 0.032257648406081044 0.023272358487210234
2 0.2761719908414234 0.7446168354026739 0.07631060571337496 0.04236692586003425
2 0.2720097308679567 0.7046384232675593 0.06166360692228 0.036803352120374964
3 0.2883031825446632 0.7428428904421336 0.14920971686682258 0.06297325609679223
2 0.304563673096846 0.8593613279746992 0.05914779983442482 0.03427352572786765
2 0.31644129573489177 0.8889003731334895 0.06887514538381846 0.03718129283635873
2 0.30792250111711633 0.7872459433593146 0.07882641280123014 0.04489675225254157
3 0.32647819081648394 0.8544855347380342 0.1513896411526507 0.058291544027760815
3 0.3202216342213697 0.781866229168005 0.15161356302066872 0.06309923633545313
3 0.335895986833679 0.8851005227350865 0.1541293701085239 0.06562906272796071