0 0.2629478793658265 0.0807958821733815 0.06116309664658705 0.0782163218332057
0 0.39657899121551543 0.8534031948490776 0.08553744098707565 0.08696831490473372
0 0.3775852214132023 0.6267788924241124 0.04824817840528412 0.05821532529744179
0 0.38453987688219904 0.5431529955419249 0.036228947636053346 0.05744509799244691
0 0.35335562098229406 0.26185641342249394 0.04824817840528412 0.05821532529744166
0 0.4153552888555534 0.7388819710083189 0.05808748488868677 0.06363919944912985
0 0.37354468600683516 0.38473021757957715 0.05020418082309419 0.048753986143056045
2 0.4221318829925416 0.058111546767185884 0.1925382420304055 0.11622309353437177
2 0.4888272822394843 0.5304424026038549 0.13154640071217963 0.09710671712525244
2 0.5019431030063243 0.6308647819518971 0.16486436406399874 0.09205181511769922
2 0.4584530861474708 0.24065533621546298 0.12271474263485803 0.11331745835817958
2 0.47542824521027416 0.3721736701025061 0.12651478653646928 0.09199093389556214
2 0.5656023013256333 0.8329276052332666 0.20970104790935565 0.12847847956952663
2 0.5537707173725492 0.708312718885764 0.18314677928303894 0.1243801333446917
3 0.49178744098707566 0.07280328204418292 0.5385274607105858 0.14560656408836584
3 0.5644924556186337 0.5243880475054647 0.41162412483243244 0.14141829829343885
3 0.5484096701005547 0.3602637450804995 0.432810896481012 0.13318932282704488
3 0.5421398577960501 0.22564836046511488 0.449137309282242 0.17497898020842323
3 0.5930093545174556 0.6190014390493214 0.5101818171401248 0.1477341621943961
3 0.6346354463284224 0.7103637344038375 0.5293006254368853 0.14656267972854173
3 0.6496249557762396 0.8251321679444571 0.6106428453259704 0.19491541071073798