0 0.2471551452157031 0.17079830694687287 0.09178736084268749 0.09963326542793959
0 0.34105459460754245 0.8567008606499923 0.07059434918677163 0.07425005750594894
0 0.32856838902344554 0.5802250462913843 0.05259008065476049 0.058650327497284084
0 0.32604165476042407 0.5075213351332057 0.046212594406950774 0.039083371670632625
0 0.37460993190796543 0.741795255167865 0.06720938182035209 0.06206273343877692
0 0.36663767736603753 0.6469526487312477 0.054209029838547945 0.04920303617984045
2 0.4691194577918575 0.48730671613968496 0.19775281585443294 0.10943321669119549
2 0.48886556361683137 0.5563793880757592 0.21016449510869306 0.11508137548859337
2 0.5197233134978849 0.6226027106217992 0.20937959813863435 0.10546599087320875
2 0.5734671538163129 0.837898001372601 0.3044048573488969 0.18620467366626142
2 0.5610305002080518 0.7088972688883141 0.2289536606107629 0.14029649011264284
2 0.5003436899735251 0.11960230125019397 0.37431262005294985 0.1934832254604004
3 0.5422159636198155 0.4803302843086881 0.5283549981416186 0.2066450426824788
3 0.5695660563913572 0.5450995438308934 0.5657862601469135 0.22599336522851898
3 0.6095486302815086 0.6180048549533133 0.5928172405667651 0.2350539299674098
3 0.5523698738886594 0.14862478506925403 0.751029482991912 0.27001845587204487
3 0.6142098486886051 0.8274503869424759 0.661988864812264 0.32115512494464854
3 0.641534768740063 0.7000212707972946 0.6270106042044853 0.273296835148337