0 0.22446591273240243 0.7487980769230769 0.044192616500983724 0.026442307692307692
0 0.8929717087680873 0.7211538461538461 0.08441698226859601 0.07692307692307693
0 0.42414920227768693 0.6502403846153846 0.025213679742510757 0.03365384615384615
0 0.5798955373330944 0.6358173076923077 0.03002137205020306 0.03365384615384615
0 0.49455899887155597 0.6358173076923077 0.03499695267275955 0.038461538461538464
0 0.5437958729466861 0.6346153846153846 0.03259310651891339 0.038461538461538464
0 0.3694330826354078 0.6322115384615384 0.02985348373533889 0.028846153846153848
0 0.6312004809323424 0.625 0.04047619823990855 0.057692307692307696
4 0.2052580188356966 0.6117788461538461 0.05859281808999723 0.16346153846153846
0 0.716857528817767 0.5997596153846154 0.04511600223273668 0.052884615384615384
0 0.789503283250618 0.5805288461538461 0.055486884265010215 0.07451923076923077
3 0.41636149238115555 0.5649038461538461 0.046436233417586584 0.2283653846153846
3 0.36508325365478156 0.5420673076923077 0.05579978556067507 0.22115384615384615
3 0.19888209240966856 0.5324519230769231 0.10248785145055785 0.4567307692307692
4 0.4871757425563429 0.5276442307692307 0.04506259248698896 0.1201923076923077
3 0.47448495852765543 0.5084134615384616 0.09728331368976853 0.3076923076923077
4 0.5717567836009926 0.5060096153846154 0.03371491497721489 0.13942307692307693
4 0.6289873984274237 0.49278846153846156 0.041933783327938394 0.16826923076923078
3 0.5565362371823108 0.4831730769230769 0.08495884070249378 0.36778846153846156
4 0.8762058035651332 0.48197115384615385 0.10083184363597954 0.27163461538461536
3 0.7768506417618362 0.45913461538461536 0.0907433284876869 0.3269230769230769
4 0.6998016486026111 0.45552884615384615 0.09207877592897927 0.15865384615384615
4 0.780162606441593 0.45072115384615385 0.07044416054436389 0.15865384615384615
3 0.6079518298118647 0.4411057692307692 0.11523204522499296 0.40865384615384615
3 0.6753281990711469 0.40865384615384615 0.1426816828064857 0.4375
3 0.8600466042088564 0.39783653846153844 0.172741248345994 0.7475961538461539