0 0.24643719056119948 0.3500881252719725 0.12911778359690482 0.12619312643551803
0 0.871108748172822 0.270158082201645 0.10085395020978155 0.10030563861970411
0 0.4240127143410068 0.36546154529150066 0.11065148739464761 0.10338185796531472
1 0.6046475496431387 0.37337128690257876 0.1023111707656341 0.11953640785047334
1 0.755816628481224 0.3591756399015183 0.09160287073335983 0.10444095773563183
4 0.4488930520422581 0.5981303423207542 0.19715692499907667 0.29832850305739483
2 0.267275728391547 0.6410375565363277 0.2806016316729047 0.42132785683203156
2 0.644242124496982 0.5929282467259842 0.20560766869640054 0.34674161273020015
3 0.25858903799886307 0.6380201138483523 0.38881624897967365 0.7134369078656045
3 0.8870192307692307 0.5564903846153846 0.22115384615384615 0.7235576923076923
3 0.46409995277741645 0.6393571835233562 0.3095251886533363 0.6768079223314883
3 0.6451349559690971 0.6206565241441855 0.29772397320417265 0.6472893952935698
3 0.8034976418934281 0.6216656438982723 0.27980413471036003 0.6316896652849052