0 0.29071244505705074 0.6636095962984664 0.0967713075750001 0.13417416873404384
0 0.3417547255686962 0.5339665314644401 0.07871348141196595 0.0805058268113653
0 0.3643974484173607 0.43806294044844035 0.0471277805702991 0.06462725774617112
0 0.37540354702729634 0.790532637591753 0.05674316518568372 0.0650751014822072
0 0.3988525222147428 0.9179068365484231 0.054563119592948794 0.07457852516358307
0 0.3952588122525639 0.2985542358611829 0.054171468611004275 0.05775160208665985
2 0.5423410287594014 0.272493849655864 0.19499329904102572 0.12434149010533634
2 0.564578031479433 0.9161911474864166 0.19661384323098297 0.09079960488549907
2 0.5556990431391022 0.4207485846562624 0.22311210106356846 0.09443502131344444
3 0.6083508135111638 0.8925412352896391 0.47467870499134623 0.17338665075807405
3 0.5926259724991984 0.27855613158013626 0.44566470072435915 0.16483158108842735
3 0.6098654870548605 0.6211305417730416 0.7501718701770301 0.2486501972351013
3 0.6399994990664525 0.5128718371857842 0.6930370540094017 0.16674817267597086
3 0.6530827874400104 0.4150122437519744 0.6229338645659188 0.14667438251278647
2 0.672505362405555 0.612209942104192 0.4364969172311967 0.1836145065831605