3 0.4938519122625949 0.43976904402630856 0.5065530285668748 0.2154836056475576
3 0.42416984284928017 0.8496774797967347 0.6555914901053363 0.22242518355611635
4 0.6423206273489686 0.6141138124292019 0.23625531653567222 0.12853671120332655
3 0.6440823550959366 0.6021505621269757 0.3180453801607935 0.18511603741023933
0 0.14923900776609417 0.8043500493087753 0.07284644461379079 0.07055455939395362
0 0.30736287459602357 0.3576068225472889 0.08111829802106726 0.042156249283835864
0 0.2831201966046773 0.49018057708068297 0.06451529681216223 0.04618021505346503
3 0.3847107759126557 0.27448316949610224 0.263981861041736 0.10584178087297325
4 0.3420111134465605 0.5447182732056051 0.14049001972351013 0.08090100400774439
4 0.3678739110536898 0.42908340268314316 0.1822510918109669 0.10203510911666683
4 0.3102110724096059 0.8395516431236143 0.22356432016238748 0.11355382961020465
3 0.39182011707327563 0.5614925297428711 0.32570476235836815 0.195067304827651