3 0.8257211538461539 0.4723557692307692 0.34375 0.7668269230769231
3 0.6818754312946175 0.4905478488799338 0.3231722445199422 0.6698775250679324
4 0.8141375097388264 0.4576771721237163 0.2430729882187935 0.38347020356487016
3 0.37899905258496713 0.5404474322912396 0.3157255994278621 0.5977481552847329
3 0.20698946595332623 0.5718854307015899 0.3907820567907765 0.8120400921724106
3 0.5276678208612462 0.5016650363251102 0.3261814505329523 0.6098233267252229
4 0.2150920108872407 0.5503067559882336 0.24783014054381558 0.4171380348865311
4 0.6848258606499922 0.41247179696728564 0.26571616339105586 0.39801914699828017
2 0.5123119941245279 0.4366982569160975 0.23485288996960835 0.3690051711383489
2 0.35293523479624694 0.4597997122109676 0.2159583073347215 0.37370098210352276
0 0.5693472820421215 0.8743520937620602 0.10802145697506606 0.10154891550975975
0 0.32005316190018623 0.9173548049876603 0.11903212795665 0.08719576442575717
0 0.898884601724691 0.793370332364532 0.10203711158178554 0.08469402209720737
0 0.7462909109381305 0.7588424132222611 0.10237329817766803 0.08950171440489968
0 0.4425740657387745 0.7967227658643362 0.10170092498590345 0.07988632978951507
0 0.5981181858807096 0.7531746330939588 0.0994651721299984 0.08227619077554629