0 0.3608803370486247 0.3674932263525657 0.0567098193437284 0.05356094731812423
0 0.4669407280473707 0.38574281734394616 0.06428566294423003 0.05878866391045561
0 0.44588559430523245 0.5680151007516145 0.05430597318988225 0.05342093922324436
0 0.5125241480939834 0.3099279509094623 0.0567098193437284 0.0535609473181241
0 0.4786853105541024 0.4697255703632367 0.05947797063653773 0.058508647720696146
0 0.4383262626717471 0.6677747161362299 0.0666895090980762 0.05892867200533548
0 0.5354711136238322 0.24607416546721442 0.05357736291195604 0.043805554607859745
0 0.40253754099344735 0.9010996554246317 0.07889089243678854 0.062032558633580454
0 0.46895524064557786 0.7733802302696908 0.0469122821588622 0.050597068784758864
0 0.47088435459215067 0.8435117930158686 0.07889089243678854 0.06203255863358073
4 0.5952166354814858 0.5091078941367082 0.21824224385869423 0.13237301194684756
4 0.6149952818289764 0.42333947712008546 0.23026147462792487 0.1330730524212464
4 0.6332987762453216 0.341106825286792 0.21288809384255705 0.1248814572955495
4 0.5300480769230769 0.9350961538461539 0.2091346153846154 0.125
4 0.6057772262865874 0.6087156471559989 0.22009963230409563 0.12530148158018883
4 0.6823968892379627 0.26670389407155093 0.2271290181961524 0.1233176597109819
4 0.5988554286462875 0.7000618010021527 0.22286778359690482 0.1302491819827609
3 0.6742717491124631 0.4376569871843874 0.4950129939393794 0.18439162707083329
4 0.6034064040667737 0.7993195337842439 0.20716963868745708 0.1125822103365594
3 0.7042122377837831 0.3452370640857451 0.4950129939393794 0.18439162707083329
3 0.6503394564174821 0.6101038738343514 0.5049926836937272 0.18975935175804481
3 0.7267769667993758 0.27049596690374966 0.463945146508861 0.18497536799124248
4 0.5974864455586225 0.8774445337842439 0.20513009767257395 0.11724989454937156
3 0.6782583354492117 0.5284312543805771 0.5048105311242457 0.18735550560419853
3 0.6466591228689882 0.7064677321305173 0.5001849913860349 0.18947933556828508
3 0.5925480769230769 0.9254807692307693 0.5024038461538461 0.14423076923076922
3 0.6466756348360044 0.8018396794920797 0.44398576700016545 0.1742399186168197
3 0.6334530615815741 0.8807465782843634 0.412771629750751 0.1413098214782626
0 0.10760159079795636 0.39620161525430053 0.07149720140576853 0.059208688195094956
0 0.10464986752738888 0.4829500889350818 0.0563455142047653 0.04875325501043193
4 0.2249526022880068 0.4247666313354645 0.1912534784579418 0.12362138444163161
4 0.22218303158692088 0.5091112588623996 0.1821845515510018 0.13027289052365099
3 0.2620465770701568 0.5247125503215094 0.4003522310919715 0.16691208060129162
3 0.2874526022880068 0.4284068418023385 0.43750283881655316 0.18343527894756498