0 0.17401179742510742 0.33653846153846156 0.06236264609682019 0.06490384615384616
0 0.8639309107847957 0.3713942307692308 0.06451465977837009 0.057692307692307696
0 0.7729205335683702 0.38100961538461536 0.06278236688398063 0.07692307692307693
0 0.260286988824241 0.39783653846153844 0.050091582855293165 0.057692307692307696
0 0.6004312195934717 0.39783653846153844 0.05232754069427514 0.052884615384615384
0 0.4493666606096085 0.40865384615384615 0.05025947117015734 0.0625
0 0.689835220151656 0.4110576923076923 0.05937119084094943 0.04807692307692308
0 0.35591046516062075 0.4170673076923077 0.04519994639016863 0.055288461538461536
0 0.5344666338046928 0.4362980769230769 0.044948113917872505 0.04807692307692308
4 0.17048236422354904 0.5108173076923077 0.10438037358219053 0.23557692307692307
4 0.884676504388153 0.5180288461538461 0.11349209325298276 0.22115384615384615
4 0.7846383516583674 0.5444711538461539 0.10370882032273371 0.21634615384615385
4 0.26437354766553933 0.5492788461538461 0.09982451374679449 0.24278846153846154
4 0.7048650029214101 0.5661057692307693 0.09476498896680578 0.23557692307692307
4 0.6161325556226825 0.5721153846153846 0.10521981515651155 0.25961538461538464
4 0.3578030382416531 0.5745192307692307 0.09666517017605969 0.22115384615384615
4 0.4559143048893111 0.5961538461538461 0.10108367610827579 0.27884615384615385
4 0.5448566125816188 0.5961538461538461 0.08464593940682892 0.22115384615384615
3 0.15096161998057794 0.6057692307692307 0.1663080826354078 0.6322115384615384
3 0.8845963897695314 0.6189903846153846 0.12574794023806718 0.5721153846153846
3 0.6193911105566918 0.6310096153846154 0.11993291804118983 0.5432692307692307
3 0.27452313163720077 0.6334134615384616 0.13832424569763818 0.5192307692307693
3 0.7901481316372009 0.6334134615384616 0.11546100236322587 0.5528846153846154
3 0.5343064045674495 0.6382211538461539 0.09371190840949403 0.4807692307692308
3 0.4481456917374324 0.6490384615384616 0.1346917715939951 0.5528846153846154
3 0.36164920227768693 0.6502403846153846 0.09539079155813578 0.5288461538461539
3 0.7054831464351191 0.6526442307692307 0.11411789584431248 0.5144230769230769