0 0.32061209980862765 0.5561184049104386 0.04743590422915075 0.05260802697694034
0 0.7371604753505008 0.5263207612741605 0.037904463771197945 0.05456402939475055
0 0.5035257055615473 0.5022393968291324 0.0346611760430312 0.030413606922279995
3 0.5021253597580757 0.4277761465269062 0.07119965796125254 0.18331140675670482
4 0.787259666334015 0.41465718998167095 0.10253360211868476 0.18717074505266823
4 0.2951694629278841 0.3773381020537512 0.07659495937096945 0.20036225170164593
3 0.7656784606951473 0.3464538102019065 0.15984438251313712 0.4538330406559253
3 0.30787168462360326 0.32873102150395905 0.15059530893916523 0.5326001590628032
0 0.5758013194141752 0.30401103072835295 0.03410410135269096 0.08318626137288636
4 0.4723939627200745 0.2979947874890424 0.1076465366444209 0.1274104740085413
3 0.4926129650953761 0.18973939682913252 0.20389198603332018 0.3406876439514901