0 0.66165555946136 0.1945606315895734 0.07044206750495455 0.07966565522068145
0 0.5314254477326181 0.2781218135723253 0.05783514138623721 0.06475283217303225
0 0.1684099658370148 0.4397916349813085 0.05523539678256213 0.05984719064042551
4 0.7178663583496245 0.33312869786637 0.1403413241294379 0.2049064381395254
4 0.5616122682061824 0.3984875774799544 0.11242977806341323 0.1677713043577741
4 0.4603038173140011 0.4531801633820448 0.12263285802828455 0.182586178180509
4 0.264288316407183 0.5177513590528715 0.09290516115790072 0.15977617209692022
3 0.7385398335761608 0.3972979248333578 0.24432292798955538 0.5187246625324283
4 0.2008047340145963 0.5552517573563308 0.08913002585525223 0.1260243767181595
3 0.584542665749193 0.45895308599125845 0.23235676197622396 0.46064055794046277
3 0.2853311462988695 0.5614389190997098 0.1813413621518675 0.38656618882678917
3 0.20202909932602695 0.5852998342794078 0.18845495138849147 0.3844561903476863
3 0.48784600871487527 0.5086420811358278 0.22465547739011335 0.4483274794964887
3 0.4089333247721175 0.5515868417089234 0.16633058987930388 0.3715554165542257