0 0.5228950072222358 0.2725194097706775 0.09271674668265653 0.12524498275401896
0 0.704063722090278 0.23006024869158917 0.08788108309258674 0.12244868811514345
0 0.8278198420897885 0.21634893097131444 0.08539332309160787 0.11504092541109032
1 0.38537313543552215 0.34389845756142484 0.0706345907799995 0.08501742610984855
1 0.29940808518580153 0.40024137644579905 0.07569402462909025 0.10704448997949328
1 0.18607851699062625 0.4828793356575536 0.09011710155216725 0.1082218354345812
1 0.5023241426332835 0.46909507853610527 0.06353493744797152 0.094044137997689
4 0.6004770934118147 0.5296576120988766 0.1723810092787391 0.3671010815914114
4 0.7588791980242623 0.495072196708293 0.1718215836311867 0.31902415851448834
2 0.4387069754688074 0.5849700561609245 0.15013102568181635 0.31245044802416405
3 0.6189674657248913 0.5678493918184782 0.27055047189440107 0.754561519357176
3 0.7737078585418146 0.5287506204839741 0.28251376009887663 0.7507349482620569
4 0.8960522708465699 0.49710856873111064 0.18451212517748034 0.37769758741936943
3 0.8834134615384616 0.49759615384615385 0.2283653846153846 0.7403846153846154
2 0.3480740893232825 0.6537246542995588 0.1695855651716064 0.33325101119505074
3 0.4499997949615343 0.6249524316849931 0.26263965137342227 0.6938766927834782
3 0.3565015365029328 0.6542397925276806 0.25732847598293307 0.6502150135292178
2 0.23822441958817717 0.7252509694552336 0.18152088209370432 0.3270205939460855
3 0.24992198061006546 0.6966256174734295 0.28298758776866784 0.5850657878891871
3 0.5637497744576877 0.6818356615175728 0.25629353853496156 0.5612727058369104
2 0.564085429846219 0.7106818153637267 0.1473355815746838 0.2786003776278034