3 0.7536608255039652 0.2970932335754876 0.22803881579310406 0.4724638902598647
2 0.7443127561853744 0.33271015437106494 0.17232185317285398 0.2830049057615757
0 0.5683646830645404 0.3435397324936992 0.09143592278418403 0.12371847978922791
0 0.4256786591978948 0.34612521514975103 0.10124720584939749 0.12891796899657793
3 0.3904718873930407 0.45388405293866263 0.21921520526391924 0.3737102995023435
0 0.23123034588970784 0.432996327171232 0.14117798268465265 0.16654284890290136
0 0.5289827987704957 0.5255239533770981 0.11277669049405599 0.11738848435191944
0 0.6936687025434647 0.5622325775943575 0.11778028125157701 0.12239207510944074
3 0.17227896022113548 0.5469872111725377 0.29554240655062514 0.4800141608651615
0 0.7855107912837785 0.13640080578950345 0.12018412740542317 0.12249002433435503
3 0.5492788461538461 0.7211538461538461 0.2860576923076923 0.5528846153846154
2 0.5508949012560858 0.768802161040132 0.23035289300892003 0.35256543024230014