0 0.09657852152776783 0.6940419118151039 0.15661714395551635 0.1651398154041951
0 0.7442135566362553 0.7677418842113936 0.15272021449523182 0.17710310360867035
0 0.6689850663726677 0.712732293431394 0.1043148490299314 0.1405139569358034
0 0.49891366069219056 0.6710548995617448 0.10544362719740646 0.12371500514125809
0 0.3745153319347904 0.62990896005727 0.1130194707979081 0.1286066112960831
2 0.7053740398852907 0.5182724965112541 0.18222325311814067 0.24949820104783116
2 0.5398370976582835 0.4802568144371293 0.19147433259456223 0.24480239386964933
2 0.14719190742696991 0.40711795181901983 0.2556882700376209 0.36323419490279574
3 0.17067307692307693 0.39040291387160725 0.34134615384615385 0.7800226318366413
2 0.8193028541223301 0.4594490360132814 0.2766688394620345 0.44994048413552296
2 0.4026192023525549 0.38603046057139595 0.23172153400033074 0.3005104246437749
3 0.8099606983611678 0.4557313816530017 0.3687134184686355 0.8088687856827952
3 0.7122779061502976 0.41128735702391145 0.30388129781596074 0.7456695036233552
3 0.5598710414847036 0.37462744007978654 0.3146254605988204 0.7289824369583202
3 0.4086840312713254 0.3536204944180392 0.33167039899581074 0.700360053371187