0 0.704769058573388 0.5177838659827112 0.048384596768848646 0.054843599882904354
0 0.2840050780595149 0.48501775162268285 0.04120102864293976 0.05935744451585324
0 0.5126501660311955 0.5423998510664785 0.03625348465709945 0.035123084527562846
3 0.49985555980339286 0.6151784380217566 0.08038979583084764 0.18592463211448462
4 0.21369297873708962 0.5854936341030912 0.11166776616647721 0.19200566434606478
4 0.6973974920371288 0.6965275821570491 0.08771321563490439 0.20544924901999687
3 0.22251201014218028 0.6555479948518302 0.18533550440930419 0.46177106417042124
3 0.6766826923076923 0.734375 0.18028846153846154 0.5264423076923077
0 0.40436600912074955 0.725443161332871 0.03895101933505639 0.0857018029832465
4 0.5054324363408991 0.747585874933124 0.11134610730673686 0.13671720280760324
3 0.4651442307692308 0.8341346153846154 0.22355769230769232 0.3269230769230769