2 0.5 0.43452234983678306 0.12740384615384615 0.09378870156713887
2 0.4963942307692308 0.5207875825210222 0.19230769230769232 0.12514912863544908
2 0.4963942307692308 0.643383736367176 0.1658653846153846 0.1207416042173055
2 0.5661057692307693 0.21717577626675716 0.19230769230769232 0.13236066709698754
2 0.5661057692307693 0.3674161608821418 0.18028846153846154 0.12664221194188732
2 0.5192307692307693 0.7665084165464818 0.18509615384615385 0.09575651708085048
2 0.5276442307692307 0.8356555659242827 0.30528846153846156 0.16976799170877535
3 0.5961538461538461 0.45022191415450763 0.4855769230769231 0.1834294344198937
3 0.5661057692307693 0.7736661608821417 0.5072115384615384 0.17064573062215077
3 0.6045673076923077 0.5482152173784623 0.6129807692307693 0.2579873667562632
3 0.5925480769230769 0.666294839146439 0.5408653846153846 0.23329202044104683
2 0.6778846153846154 0.13309779382457348 0.4182692307692308 0.19515608555133257
3 0.6550480769230769 0.3765596521068062 0.5673076923076923 0.24971877562842104
3 0.6706730769230769 0.1457724899622826 0.6538461538461539 0.23944934505283463
3 0.6129807692307693 0.8397181359870326 0.7067307692307693 0.3011490092737372
3 0.6742788461538461 0.2506130265088127 0.6466346153846154 0.2797682719597745
0 0.3329326923076923 0.4927762077962751 0.05048076923076923 0.06872905011295917
1 0.39302884615384615 0.19324348357177604 0.07211538461538461 0.0727722693921396
0 0.3137019230769231 0.782184371855807 0.06490384615384616 0.06982196552984868
0 0.38100961538461536 0.41949618226282964 0.04807692307692308 0.0469122821588622
1 0.3629807692307692 0.623658884145564 0.055288461538461536 0.05467027832884542
0 0.34615384615384615 0.7377684315438083 0.0625 0.05521673603729017
0 0.40865384615384615 0.3446678598887909 0.055288461538461536 0.07390104755961466