4 0.9579326923076923 0.4206730769230769 0.07932692307692307 0.15865384615384615
3 0.9290865384615384 0.484375 0.13701923076923078 0.4110576923076923
4 0.4011406115550751 0.3198363275602819 0.04969947714497868 0.07251170035913386
3 0.3921966286230238 0.34812244902691675 0.11097259381506429 0.22971804848240204
3 0.5338567062181627 0.400784076423537 0.11315263940779935 0.2202426719618973
0 0.7637917095784729 0.6362306025255644 0.052103323298824694 0.0726517084540136
0 0.38317173529770343 0.5276408660435395 0.03689694441185901 0.03815781373088875
0 0.6139429759450326 0.644307019672502 0.04947567658386758 0.06289631574374911
3 0.36025227656479747 0.5743177081716649 0.12886055967916682 0.1731458055491325
4 0.3499944702752676 0.5977261332831675 0.09403176057948724 0.12070492299004644
4 0.7545979608932698 0.7569247928203965 0.11438153261581235 0.16990191082600767
3 0.5640506881262293 0.718219922555664 0.15457752542596176 0.24666127111331476
3 0.7396443625766032 0.7848608940498317 0.1937684255892098 0.3833767771518961
4 0.5415498505063574 0.7313129225773831 0.09498291296420956 0.1615703076054313
0 0.9735576923076923 0.31490384615384615 0.04807692307692308 0.0673076923076923