0 0.8550699076868113 0.5705092947680994 0.07900720983097095 0.10275793515408534
1 0.22751500155139415 0.463333736655778 0.05518738157312089 0.07024786230016744
0 0.44507131514943615 0.5274771494077697 0.0640798530140707 0.09470634812326832
1 0.7522675796228854 0.5896593272562142 0.0731909577356317 0.0880548420412488
2 0.22415257562613158 0.586431773104456 0.10121311844201021 0.18066106874132068
2 0.4367331036185402 0.6478913235128421 0.12710060625782413 0.208503457382426
3 0.24003795224800836 0.6424202751173165 0.2113857216575707 0.455212145577521
2 0.831955399320586 0.7535053271910568 0.13084919879519946 0.2278742347080751
3 0.8413461538461539 0.7560096153846154 0.20673076923076922 0.4831730769230769
3 0.43844754326425167 0.706645546187193 0.19847548441596394 0.47600671239285763
3 0.7221348960843981 0.7578822625188951 0.20965424869548926 0.464687522098026
2 0.7252111154300089 0.7676376552291594 0.15416474715922626 0.25317276910045466