0 0.44483820632702104 0.23352608621405316 0.10639856332089656 0.10940381334769164
0 0.26573069011376044 0.2278364564461522 0.13319050020857423 0.16980765129999917
0 0.7668005554515923 0.41754871394992527 0.11379190896402737 0.14073772719482436
3 0.1374473810978809 0.4883452379669922 0.2748947621957618 0.9766904759339844
4 0.214496324531291 0.5108749343876909 0.17792817359835864 0.4227149805366422
4 0.4369919454402082 0.5375007395460811 0.25939322464064674 0.3779929272144041
4 0.10760908169202593 0.5240532892449644 0.21253301116361095 0.5865681169514672
3 0.24485207514629345 0.5641091908020265 0.2188091460918569 0.8390279056700686
3 0.44471153846153844 0.5853365384615384 0.33653846153846156 0.8245192307692307
3 0.7439903846153846 0.6646634615384616 0.2764423076923077 0.6658653846153846
4 0.7422602305820969 0.7441641067668485 0.22845089833257232 0.43051391592811056
0 0.1688426226496374 0.10051568207412484 0.2030698606838902 0.19946497233510366