0 0.8345882461411327 0.33413782080521304 0.02498961392318386 0.04100523629353248
0 0.527232644229541 0.39844649597178095 0.024821763502350436 0.03379369783199415
0 0.6305141036345089 0.39544208895704797 0.029573505669764934 0.03141782201377757
3 0.8386705965033123 0.40626719058841243 0.0617766679325856 0.17581641325832437
2 0.5394207303586541 0.4574036599961783 0.0456191366608976 0.10121327148220488
2 0.6366086491685901 0.45075852083113904 0.040419793371260775 0.08435837806965224
3 0.5384146327727033 0.4658101289507324 0.05914902121762822 0.16618704347512483
3 0.6393481961641029 0.46519558292203084 0.07161585310908145 0.18548773854496814
2 0.6064786569131949 0.5503293364502547 0.04791108253418814 0.09641956434232722
3 0.6091342786982911 0.5611606293103772 0.06943580751634625 0.19508913799253783
0 0.677783769433601 0.5675688219777143 0.03454904839829053 0.038657330810945606
2 0.6864500115423616 0.6301107774811587 0.04802298281474348 0.10122725665001954
3 0.6905033818953531 0.6493625244636501 0.06943580751634625 0.19508913799253783