0 0.469871799233344 0.8152631336336522 0.08212235392958352 0.07159102042217186
0 0.5207107929536894 0.3379839134758138 0.07493878580367462 0.07602077201388055
0 0.5499353476859922 0.0649005253465951 0.08691606106946104 0.0694391347456478
0 0.4982650378358158 0.4785408125468411 0.06762935116743266 0.058815908220973837
0 0.5250997315820872 0.20317955850243744 0.060445783041523635 0.06324565981268279
0 0.47578431979840524 0.6251073270024838 0.07013109349598232 0.07576881153655808
3 0.2888934759534983 0.32369869881430774 0.5587411952784174 0.2095158769078498
3 0.2562807234467051 0.8193898166516179 0.5125614468934102 0.22660498208137952
3 0.31683918918589665 0.07945801412522632 0.5538216216282067 0.15891602825045265
3 0.2704948242077095 0.4689373099543662 0.540989648415419 0.21116384162972912
3 0.2968741986448506 0.1911092196367858 0.5443181183553405 0.20875999547588295
3 0.2604528919739736 0.6184796924474724 0.5209057839479472 0.21496369202813226
3 0.24390487089819698 0.9137697178449238 0.48780974179639397 0.1676528720024602