0 0.48610731030468163 0.3470391402950932 0.05852341621943953 0.05241148485170723
0 0.449676961041542 0.20121343207311432 0.08650617852173685 0.07737333212192173
0 0.4516564810460843 0.5650756149569205 0.031002790300139218 0.0346611760430312
0 0.4419497745974939 0.6225580622556479 0.04363820291336587 0.04469628144557611
0 0.43558732857710586 0.703044936330778 0.03279045460998949 0.02512973558507853
3 0.41230479524093294 0.7468025648387593 0.15304364352443428 0.06770453776078912
2 0.39028322379816405 0.6580968224129056 0.10256287429366505 0.06594171045471543
2 0.37943363308913164 0.5830319546203663 0.10302501067666206 0.07315324891625388
3 0.38604697362069273 0.7242025916436747 0.17923874151688132 0.10219782548895641
3 0.3271347589374435 0.5908425398509609 0.3044536682000174 0.14734436213337732
4 0.27840384378283156 0.24221234105286832 0.27039856688531155 0.17733519977189602
3 0.32701299649316923 0.667933505088902 0.3125894794275496 0.16201927152875037
3 0.2773435094698573 0.39034268406541905 0.51657602856575 0.23869817505715205
3 0.25983215370417684 0.25077842370035186 0.5196643074083537 0.2900183858622422