0 0.41351427371219995 0.8441116025215105 0.05094227976865758 0.08256187775790107
0 0.30198716057902014 0.7936792578158283 0.08715380892231253 0.11131486736519328
4 0.5530212616421657 0.8386231623363731 0.07034087101320424 0.11264039529204667
0 0.4978027259427781 0.8230608859641664 0.08223423527210194 0.09177600721242604
0 0.6719417204184762 0.8582676434250521 0.08480590343972566 0.12077620651957889
4 0.5999312245617026 0.8356174334412372 0.06071150123000498 0.10962036729420478
0 0.23017944965556106 0.7361732786012444 0.09191954572656048 0.10441141982565282
2 0.33428604816512986 0.6153933872703532 0.13844571788634005 0.2539728989692482
2 0.5470963586195885 0.6170071797995301 0.13619570857845667 0.2802611612005569
2 0.7164975866266683 0.6398866155691872 0.17235129706085234 0.2993987661924642
2 0.26295383294737384 0.476156638825 0.15795619047340514 0.30328218573416277
3 0.45630961148602645 0.5149996061277237 0.239982250938584 0.772307993639436
3 0.37726239176539933 0.461839182837835 0.2934542433714208 0.8766585322429516
3 0.5718760340522343 0.4911437882556735 0.2857252537007348 0.7872540881676471
3 0.7376295373251005 0.5210036942953706 0.32698222301493374 0.8571805533123216
3 0.27057094127554143 0.4069072367464584 0.2761658097566094 0.7962532909390359