4 0.3412641964072254 0.8787643127918516 0.5017453362591824 0.22964896905141513
0 0.8463317293369025 0.09508259940477636 0.135069856206116 0.1228170079827743
0 0.8064115629548515 0.45513241555682415 0.11595104790935551 0.12376363358076777
0 0.7008266650744199 0.2858269023131356 0.11561516510732872 0.11655209511922937
0 0.7125595438028852 0.6154270542442811 0.11091943373364516 0.11859163613411229
0 0.7284217213802937 0.8265101343590386 0.1185788159312197 0.12875347845794166
4 0.5310920003810293 0.11173304754532427 0.4052556073033091 0.2151513278106138
3 0.4579426340897351 0.13341346153846154 0.9118546745551458 0.2668269230769231
2 0.48273203919068836 0.497751858590683 0.4034115658195082 0.22698840601036296
3 0.4459466008119375 0.4848591471329066 0.8529307965887388 0.26105093650341754
4 0.4005138372446642 0.31220174272910184 0.39094449131424136 0.21646225854757042
3 0.3944482413930443 0.31145520107588265 0.7656086085122144 0.23766652092515778
3 0.41107444009338245 0.6684263549220366 0.7512974925231464 0.2389774516621143
3 0.4314644076434607 0.8731355145132156 0.7517453362591825 0.24859283627749917
4 0.3792942826205135 0.6853084915331146 0.42403853279804243 0.20699316375108184