4 0.5801654851362307 0.5666338739103288 0.21782018855803137 0.510998108953063
4 0.35010956230877804 0.5927108942698138 0.17196710788782832 0.63532104588693
4 0.8087136032675557 0.6605180930516532 0.2453534378083527 0.5751926090240516
4 0.1522118475233987 0.6040406052758615 0.29305272726904025 0.5566389028594152
0 0.17578938061878804 0.0977067574608858 0.29388645354526843 0.1917164238577967
0 0.35616176073863526 0.1140678593434998 0.1325770054934191 0.16697230104778976
0 0.7751233198042977 0.1805352310957796 0.1981941595890433 0.2119969131101462
0 0.5830673832407623 0.1826346711389401 0.14434448051849294 0.1533194514297076
3 0.16888310002190524 0.45863835357923766 0.33776620004381047 0.9172767071584753
3 0.7977825842875242 0.5157481647073877 0.3183256343595771 0.904025112701253
3 0.36488048014175245 0.47600075095834493 0.1960231955482731 0.9129957172672293
3 0.5825963942276007 0.49955724979413496 0.25642523101363146 0.7968085915608945