2 0.7670770935518545 0.5523961157470657 0.14303561736711365 0.25693683065517886
2 0.5557173807521004 0.6091459919123674 0.1730155933612181 0.2795787759289793
2 0.6802764499167863 0.5963674341874374 0.09839082559189467 0.18339439536344876
3 0.33531430522057903 0.6541704418594508 0.32335806457067895 0.6759386835072347
3 0.7911053334710316 0.5973136952532538 0.29804957902632156 0.6966499131600974
2 0.33631703632022625 0.6962797216304745 0.21436445569267887 0.3817994767519989
3 0.5630446778330158 0.6570550266744264 0.29097424242272846 0.6532127940760024
3 0.6973400010421055 0.6692230490138686 0.2079938924246318 0.5807310984192052
0 0.2925473350023674 0.38955277174863584 0.113842187662829 0.1119505640075207
0 0.7060820852025207 0.3305592786667311 0.10207491737092056 0.1163385355280527
0 0.5193277450152034 0.3972870209500198 0.09600742267661662 0.092132185674727
0 0.6458395078791372 0.42176807860970517 0.06400154124464964 0.07661783470503294