0 0.24499238762738607 0.5611380993561175 0.07732627685155968 0.07661757415181605
0 0.45488342285273653 0.5564059874733072 0.041991497718302254 0.05159988570148144
0 0.5050027354962884 0.5458206246821763 0.05384263518959177 0.049545763444732834
0 0.3764557429231545 0.5240147604396767 0.036511432218845355 0.0418446115272577
0 0.3333293354605297 0.5034900127896464 0.05384263518959177 0.049545763444732834
0 0.7435130546122161 0.5623955148498021 0.06893808530443343 0.05958081673663443
0 0.6012153583077698 0.5305545973154008 0.0527835354192748 0.0687065878960825
4 0.40081335774112825 0.451257010982725 0.06972801181146857 0.10518394888029192
4 0.4757528217552119 0.4474156837601144 0.06950937853085716 0.13636400410087235
4 0.2685260093055843 0.3968243617147535 0.1656796980346335 0.2423173455547788
3 0.39595512545076555 0.41739333049062033 0.11772032827298116 0.2769061974946615
4 0.5218208619318064 0.4258731237178369 0.09914545888404629 0.18280647359756394
4 0.3650160420553127 0.39481446058384156 0.09198446040517812 0.14901273788487865
4 0.6244045567151206 0.4228361614585507 0.09265683359694285 0.15862812250026329
4 0.7700306123120894 0.4415258699262176 0.1236882003163313 0.1907174598532975
3 0.4797870609057989 0.38972337606780677 0.15139064777675743 0.3810409746836606
3 0.2728376583944183 0.3523881802583094 0.2332554436727277 0.5225623949893229
3 0.37002533432724644 0.35762478997864566 0.15071827458499298 0.371425590068276
3 0.5299063735493508 0.3791380132766759 0.16509081152539962 0.4054291601192197
3 0.6369615740444753 0.381048632883921 0.15379449393060385 0.38111091946308007
3 0.783344049482179 0.3889210336592803 0.1884063598894264 0.4300971246724569