0 0.6563778160821042 0.6102808304873641 0.07362603840288474 0.06532340118829001
0 0.759212679303899 0.5808403070090814 0.08134112812692305 0.0869999720763499
0 0.48998090513408066 0.6340823455281235 0.07390578910427364 0.07734263195752078
0 0.6103980183265486 0.5720920027982141 0.07871348141196595 0.07737060229315035
0 0.36995644786260634 0.6275700654573249 0.07384983896399583 0.07493878580367462
0 0.29655521495988196 0.6316023823064453 0.08117327770608984 0.07978843361481143
0 0.21197299845304435 0.6513226324107324 0.07630963525811965 0.0773566171253357
0 0.7100747134397966 0.5234416878408845 0.07871348141196567 0.07737060229315035
0 0.5047127127677346 0.5691015809512959 0.07876943155224361 0.07977444844699651
0 0.8070118615575317 0.48922843497444646 0.08357712385993593 0.07980241878262608
0 0.4070492177654375 0.582889134093949 0.07625368511784185 0.07495277097148942
4 0.5709613721663458 0.4076802742804189 0.134451553950748 0.20027442983122976
4 0.2523108764919868 0.4672186241242798 0.1394270966792737 0.2075139386283978
4 0.6718120152863778 0.3602248898161049 0.13685540010459418 0.20028841499904454
4 0.37088263999433724 0.4328795047475086 0.12444451835341888 0.18339156608304755
2 0.1472120424670402 0.4906635173857619 0.16413695990106858 0.23649994415269965
2 0.4617262475170403 0.40230698403137677 0.14949008241688055 0.2268006485304263
4 0.7618453507141023 0.3128324386069574 0.13243935877884638 0.21708736774033804
3 0.13002998546022965 0.42108483801846397 0.2600599709204593 0.5735978124037531
3 0.5492168663792734 0.30926243365087464 0.2618074894767099 0.6120173953618472
3 0.4476678514448181 0.33509019531448064 0.2533650479290602 0.5590908244737874
3 0.2348984868202454 0.38920550546679816 0.24883710632275693 0.5710820849073885
3 0.3426249675601492 0.3561312424221166 0.2336307274357911 0.5373443277466536
3 0.6531697274675745 0.285707261757173 0.2657759296802355 0.571414523514346
3 0.7677720458273503 0.2673707419114013 0.2817636006529919 0.5347414838228026