3 0.3173810336450726 0.9057463860048072 0.3969818912427463 0.15782972273476703
4 0.2522659838922753 0.24120501116368326 0.20784414814015126 0.12003207845506439
3 0.27854998608444376 0.3830052293677325 0.39495598580488367 0.16495731703887356
3 0.26786542984406486 0.12735809548571933 0.5239975750613248 0.20065635738277404
4 0.32647882528051186 0.5713179660691795 0.35825817068460136 0.1972680566738063
3 0.3070454136664501 0.2298726008597514 0.5126082454853998 0.21225586736484436
3 0.4685993607143239 0.5374313841876897 0.9371987214286478 0.3740843752446672
0 0.05080262063945525 0.5929983321219218 0.10106707546163127 0.09710776629728347
0 0.04406599867833441 0.17011600223273668 0.07779471697442085 0.06510226888039469
0 0.1559505114310389 0.9302121764586503 0.057682086073023504 0.04760379254401506
0 0.09956387381335603 0.2599549907839234 0.07779471697442085 0.06510226888039469
0 0.12097719357850163 0.4027892437500315 0.058060026789007 0.054815331005553386
0 0.18322702310357036 0.9841460938111667 0.037443474932965036 0.027701470053789132
0 0.15716942734051376 0.7231456305981527 0.042881068433963096 0.039888589137883804
0 0.1706051055928698 0.8343941069345325 0.04022526180279468 0.03499695267275955
0 0.1677449961747833 0.7740880926947985 0.030357916710087737 0.02985348373533889
4 0.23126817051299883 0.825675403178027 0.10170719827422126 0.06353786430086927
3 0.2402587647447198 0.8609089211172407 0.16117345092706928 0.05361723746744054
4 0.23353070399925757 0.7595276618685417 0.09892541140439161 0.056242381681898865
3 0.2594163222368742 0.8170253763731113 0.21569580941427974 0.08671400893094673
3 0.2527614732300268 0.7601992151279984 0.22075546219929437 0.09168958955350294
4 0.24737153741943302 0.7022131028846784 0.14079863792906552 0.07690020158901344
3 0.27524038461538464 0.9663461538461539 0.23798076923076922 0.0625
4 0.18999750113102926 0.14270072860173874 0.22036729986402667 0.1300671838576095
2 0.2724059588442741 0.9138088037076982 0.18583159203955246 0.11206504257663716
4 0.237558621230398 0.38398202484523314 0.17520836551487853 0.09249849671613958
3 0.2777975550584934 0.6960508663910411 0.30462789548730324 0.13540907552157877