0 0.15500220923506364 0.640833100487204 0.22212080158599873 0.20438454977230636
0 0.2812722332409594 0.6609852379058061 0.17265809588380285 0.17738281643244655
0 0.5384310032024514 0.7048393394090245 0.18391122360178258 0.20874470156195704
3 0.7892089882766123 0.5037249034789562 0.4087115958647691 0.8768198174851727
3 0.23053605312685127 0.3710725610218883 0.42835097066937433 0.7421451220437766
2 0.6513504427175156 0.42965405529308115 0.30050453327658855 0.46235131285804015
3 0.6268029494147673 0.4167265999118922 0.41454757332031905 0.8048163179992984
3 0.3850802090952836 0.3797229363952454 0.4077241971940481 0.7594458727904908
2 0.3541400488822944 0.3478279127699324 0.27318036391365286 0.4452167056749635
2 0.818165789932501 0.4325177434755298 0.34449898061993384 0.614213189786012
2 0.25923067268613353 0.2589440738383221 0.342115577704656 0.5178881476766442
0 0.7004591013483128 0.799049181437627 0.21895085238090153 0.23557860720755114