4 0.8699527045908705 0.5141317160505484 0.20718743285179395 0.3622442340400491
4 0.42960346610692446 0.4829292843655554 0.2568473622017829 0.5029917254170585
2 0.16053469699791256 0.45812951164845567 0.24886643116662985 0.475960744997207
2 0.6853333023738617 0.4716467871531276 0.23136578394909435 0.3690141687728881
3 0.4344682413672448 0.4647767566382023 0.37625582495781806 0.9295535132764046
3 0.1778846153846154 0.44912678228420144 0.3557692307692308 0.8982535645684029
3 0.6911073597666358 0.42439013973339407 0.3500490752573518 0.8487802794667881
3 0.8625626910901187 0.41630817854058144 0.26754891345296766 0.8326163570811629
0 0.37301900359440404 0.861657544973334 0.08919636315640293 0.09841022657668191
0 0.11182624835141595 0.8134325610671519 0.11626817386348619 0.1222033086289586
0 0.6475691891517206 0.7804918626786883 0.10644295490984299 0.11420687319736143
1 0.8181723212953779 0.7689637876139929 0.10361944007947972 0.09958757203176997