0 0.30623860309248807 0.3662751973047054 0.019986266647658013 0.02197028971015796
0 0.23823265265246515 0.381894114012528 0.0200702108050901 0.024374135864004113
0 0.47638131019809854 0.38254783654163005 0.015262518497397792 0.024290217282618605
0 0.19679492614089814 0.4006572477534987 0.02040598743481845 0.03398952047938873
2 0.31057316486727216 0.4215216995524741 0.03153236688398063 0.07742658841139093
2 0.38646220702829015 0.4250076742033423 0.036340059191672935 0.07751050699277656
2 0.24119740303546203 0.43235390359795084 0.03393621303782678 0.07746854770208368
3 0.31343870388699485 0.43470089410793517 0.03952993717409224 0.16885666083893042
2 0.48290985773314865 0.43174276411409057 0.036340059191672935 0.07751050699277656
3 0.38572197681724363 0.4382498076948425 0.046993308107926825 0.1761940771725474
3 0.4796398651321078 0.4414210876655144 0.048641656844884334 0.1546014210786248
2 0.20224746683517322 0.4534789242020748 0.03402015719525887 0.07987239385592997
3 0.24435674660619697 0.4539465596918734 0.03986571380382052 0.17847204545431503
3 0.205238922091044 0.4702638879883051 0.0441697411669203 0.16413288711262375