0 0.8448661284606858 0.31877228212216807 0.1623795354232334 0.17419793576057702
0 0.20728975466394017 0.2111987409405981 0.16314976272822831 0.1862171665298078
0 0.2790827492546206 0.270734388444925 0.11260811227532198 0.1466366252627138
0 0.4438859571513749 0.32090441708701883 0.11152979404832923 0.12980970218579066
0 0.5644490793934738 0.3685037540934824 0.12145326958571186 0.13484119505459405
2 0.22717267356674214 0.4627633349902776 0.19902112655819698 0.2590599029688035
2 0.38852415769372617 0.5106134426889419 0.2059245740977375 0.2544200610819446
2 0.7726022256012706 0.6036850064322643 0.2785306933015316 0.3761230225617523
3 0.7592270262941176 0.6063965783576382 0.42035024675583005 0.7538645794353637
2 0.13062726534060218 0.5171036589611644 0.26125453068120436 0.46070523906859
2 0.5176404878325792 0.6120195674555551 0.24808320362325084 0.3130075710186968
3 0.16562001732117995 0.5200939766488781 0.3312400346423599 0.8155812774714746
3 0.21318313482124962 0.5687004161803417 0.35754215583383214 0.747602183480449
3 0.3615445332935782 0.6132524804197647 0.3636753760683779 0.7309431108243594
3 0.5109842499928995 0.6409776215822645 0.3805954633841629 0.6953330196388893