4 0.4809507601625877 0.5569106012768619 0.5310826254454176 0.2999285914050361
4 0.47140071073342893 0.3225356012768619 0.645389799355974 0.27550032966598426
4 0.37288580426860624 0.7680802422600796 0.5998595561268266 0.33716114385212764
4 0.4764165719212767 0.15705939310751857 0.5874485284579379 0.31411878621503714
0 0.9278846153846154 0.23798076923076922 0.13942307692307693 0.32211538461538464
0 0.9242788461538461 0.41225961538461536 0.1466346153846154 0.16105769230769232
0 0.8500451756636256 0.8186875131174763 0.23507081637858215 0.22750186563281824
0 0.8614889815136961 0.6272460695611645 0.17252593190956708 0.16635672951934366
3 0.5721153846153846 0.20673076923076922 0.8509615384615384 0.41346153846153844
3 0.516257472709653 0.7739971260023176 0.9333982958750708 0.44627495129243017
3 0.5600961538461539 0.359375 0.875 0.35336538461538464
3 0.5476931993553008 0.571381720782809 0.8180667452463548 0.38661055693755925