0 0.25218383239628445 0.5744991427611104 0.04650418545020883 0.051739775260320295
0 0.3922230911633572 0.5689405553520573 0.0441003392963626 0.05166983048090087
0 0.6024360247749653 0.5581988280846315 0.04650418545020876 0.051739775260320434
0 0.6734265090439262 0.5590602760005839 0.05642766098759138 0.056827246685690724
0 0.32038535685890185 0.5813002612822588 0.05131187775790107 0.05187966481915943
1 0.46477017155067013 0.5830931018935831 0.0511578322969022 0.04947581866531327
0 0.541585785132179 0.6057989995324095 0.05192805960189695 0.06149504943454404
2 0.2553758897691438 0.6938042788838827 0.08530241303915763 0.17043751893123563
2 0.46888650168952317 0.6879751610932785 0.08493344089502267 0.12723823294142442
2 0.39743388103756533 0.6943252516388646 0.08887774165885833 0.15134663925930553
2 0.3260582831161069 0.6994734191075275 0.09276116120055687 0.13706345189506747
2 0.6088487377260965 0.6836184967611486 0.08468623119516175 0.16082213431585102
2 0.6739836520714412 0.6819012365747061 0.09205181511769922 0.16343581480795558
2 0.5462878565039594 0.7203314157371993 0.09097349689070647 0.1466088917310325
3 0.2545913633614428 0.7624188114376275 0.1455166445182735 0.4361196018838636
3 0.3306206081295945 0.7598143796816496 0.12566969344350853 0.425944659033123
3 0.3993612917057084 0.7582020366643364 0.12388202913365813 0.43549009886908807
3 0.6795938547008529 0.7446810156923842 0.13349741374904275 0.4357698779867661
3 0.6067852655109729 0.7533999800021066 0.12388202913365813 0.43549009886908807
3 0.4665149385524017 0.7625643366419289 0.13016929482920284 0.4212768562842696
3 0.5416969332850592 0.7731810587321049 0.12274282968452829 0.3802715821100461