0 0.7185336710537507 0.7669907829617822 0.1542437241957012 0.15876755744156987
0 0.20415349143879225 0.588351524099245 0.22509446210636966 0.21523087911943067
2 0.145726484126984 0.3404047995743794 0.291452968253968 0.47382707417383246
3 0.6089829568674209 0.4486192120336001 0.45203010012210226 0.8338883191780867
2 0.6152236404435347 0.445118341029563 0.33665285436011144 0.4572938661317592
2 0.8022310634494693 0.47485445304125784 0.24148784700570813 0.32116794705143276
3 0.2886533941562304 0.35879911276010623 0.4659624424567699 0.7140736451020147
3 0.7930778152170815 0.4674750774169481 0.3772350614475983 0.7533445766710718
2 0.8807877592213976 0.4882583404033521 0.20404006073771305 0.48619414585296067
2 0.31814432805179255 0.23658059253018784 0.34953547667319873 0.4335071603374547
0 0.07226780774199881 0.6916241770722522 0.14453561548399763 0.15442141733149867
0 0.5163025032086757 0.7682738948512766 0.16610890950393326 0.15657350774118803
0 0.7988637320328229 0.8466053377813777 0.19896024533605983 0.21957701922950187