0 0.2068299296446438 0.3349811789189785 0.09445208767114106 0.09160020931024909
0 0.22838443041063755 0.2334950546117937 0.11924604662649131 0.11393427248905957
0 0.1852830370068713 0.6081674412776145 0.12595392014343726 0.09972102990424106
0 0.23550053609831256 0.5454704687661474 0.09129274410040612 0.06989564914621414
0 0.24776394026221865 0.744430141300022 0.1577075850880298 0.11505338895977164
0 0.3070741132291991 0.4557366579373067 0.09702382213985139 0.09647784639736082
4 0.41412155215516405 0.6567412039918031 0.3614774334746127 0.1738133658156258
4 0.5339666965001114 0.2161986060870545 0.3740842733458679 0.19099001278964647
4 0.5058683300438257 0.7801453358919459 0.39664227446223627 0.21806182349672992
3 0.5802540873980868 0.2316616059652971 0.8261218288380613 0.27618507115647933
3 0.5403234752320871 0.6530691030722788 0.8510531416965915 0.23368523296086335
3 0.5734012009003402 0.3591353968985628 0.8285790847376552 0.20901726840762613
3 0.5578524859801512 0.5637071267034541 0.8279075314781986 0.18978649917685678
3 0.548633895868464 0.7933094067854716 0.7995116328308894 0.27060798627517246
3 0.6143047280556303 0.4600048800177634 0.741063827721693 0.2472946961844888