0 0.7251437323272807 0.7880370703658878 0.12818406061054113 0.09694420054660433
4 0.5871791998106854 0.8890183142425596 0.22523798651509927 0.22116710186323646
0 0.581945438700428 0.41087353756784534 0.05102125309943011 0.03589306483402629
0 0.5505755734064111 0.4383761602058911 0.035756939027065525 0.025605914614587687
0 0.5317676028414542 0.6257641992718821 0.04296847748860399 0.025941797416614613
4 0.5315845347636758 0.37956424317349324 0.1043264870586894 0.04316389768991691
4 0.49229973993995846 0.649269189410127 0.07151387805413105 0.051211829229175374
4 0.5061643522072656 0.42182582553664294 0.08425448067863237 0.032652825602460266
3 0.4741477583553426 0.3877504689165892 0.270311736968091 0.07962339504868346
3 0.4499769009636764 0.6364365849056571 0.21219881070113955 0.07212864032477494
3 0.4622641935760691 0.42702206718601915 0.2129201825564101 0.05300983202801472
3 0.41346153846153844 0.8509615384615384 0.7548076923076923 0.2932692307692308