0 0.1920334985894106 0.6516040635984635 0.10839437254254669 0.14711809310069165
1 0.7069349424189217 0.7487573200447059 0.08802978116382712 0.12447563580678725
0 0.4377824957364093 0.6953704441090712 0.0670352885918016 0.0898139477436515
0 0.5046441463991455 0.7063290644689665 0.08436613262336934 0.10031119402966428
0 0.27799993824425484 0.6591509958952232 0.10030097241038008 0.1299132293077851
3 0.576318600179216 0.6941361957706701 0.1201411995958869 0.2340344953551367
0 0.6199027815450997 0.6978781668593848 0.07728057440049205 0.10233709946752693
3 0.3749301090686363 0.5769367489483777 0.2304252757183509 0.4172102807635207
3 0.5360456806860171 0.5925975246158722 0.18793236961965534 0.3382715200218651
3 0.4549550342678378 0.5631010263378443 0.19450378526860382 0.3721773266530336
3 0.6413739806199339 0.5786409325763199 0.181476712590084 0.3523166562289587
4 0.38183691855280605 0.5247501356860407 0.1306486675011837 0.20581824270228866
4 0.5431414605281786 0.5440166805843046 0.14455760185033178 0.24250583620328664
3 0.3068188776385727 0.49614060988828296 0.21105830462963632 0.45934568938480097
4 0.30479808301035216 0.48057860000761354 0.12507487214224022 0.23669030198630517
4 0.4685694612589014 0.5009210877441392 0.14518750304363762 0.25452506697251753
4 0.6547313363240329 0.5345528302557916 0.16467023275172904 0.26034060118949903
4 0.228273390041827 0.4002233917828328 0.2029853477360381 0.35104663222306287
4 0.11928655237709468 0.36736797394171583 0.21992802943233813 0.3998794367319529
0 0.5288699178919732 0.4326787652657724 0.09498935914804327 0.12004588421507816
0 0.6222368663663477 0.4434535260773179 0.08006236127032168 0.10967461816772656
0 0.41608834063847994 0.396406548551878 0.09005568660168979 0.11739007758390968
3 0.8389423076923077 0.46875 0.3173076923076923 0.8221153846153846
3 0.7693124125862771 0.4441821930574489 0.3139741971940481 0.7763809779766025
3 0.15344943029522756 0.359375 0.3068988605904551 0.71875
0 0.35189271822619644 0.344330583099276 0.09802310649519523 0.1321910952229701
3 0.24991822704572658 0.363494911804698 0.35560568486068395 0.726989823609396
0 0.7695218261828372 0.35618984796474196 0.10990613540648052 0.1759642469468455
3 0.44687019535132994 0.22802321956689578 0.22320351563752824 0.45604643913379156
3 0.5617457789716586 0.24818267795688465 0.2506434436198409 0.4963653559137693
3 0.679529129700478 0.2542365654252705 0.2573510611267349 0.508473130850541
3 0.3561011741984355 0.2069452936369714 0.2698946560891787 0.4138905872739428
0 0.612791669274012 0.8151575966335595 0.07753253487781436 0.10714479177521952
0 0.49317649427496363 0.786474859097187 0.06994305570029241 0.09955531259769729
0 0.6576458746457914 0.7971389720989976 0.06943913474564777 0.08993992798231268
0 0.7859315824702656 0.8072889425268793 0.11990968235713294 0.13813260967861288
0 0.5627041731881525 0.7563161343643751 0.07222092161547741 0.09727744668251258
0 0.36148932000663814 0.7114210425154591 0.09714124482456708 0.11536417214604729
0 0.0794987710035975 0.6430390677731304 0.10003879031377368 0.17065263368450856