0 0.1798884843519194 0.10511004870250029 0.20205773033012212 0.18368716408458083
0 0.5506909296282214 0.14314045142730464 0.11787823047649172 0.12216439435487073
0 0.8884272241001638 0.19618136114488552 0.1792477242465334 0.15446337662219156
0 0.31412633401526946 0.24108638049658768 0.09766796899657794 0.09779025849086655
0 0.7880003162322127 0.2701009952600618 0.08412643509773086 0.119173118131325
2 0.5487033141258372 0.5076168587698467 0.2530118851116949 0.43199662587251286
3 0.18258407955436343 0.49596582480131085 0.3632091746104379 0.9551837350127629
3 0.5498787048248106 0.5364630126160006 0.36134813933706345 0.909510658089686
3 0.8713942307692307 0.5516826923076923 0.25240384615384615 0.8677884615384616
2 0.7758137109083993 0.5613859727823748 0.1621636576769976 0.3247168606383401
2 0.17227896022113554 0.5382429289470827 0.3011867574135324 0.43523965784021545
3 0.33774845779342016 0.5846685433338163 0.2561747842042036 0.8043829832652025
3 0.7724262823619666 0.5963256605945296 0.2575991381089055 0.7803864810174338
2 0.8978365384615384 0.6682692307692307 0.19951923076923078 0.4855769230769231