0 0.9194711538461539 0.5961538461538461 0.15625 0.14423076923076922
0 0.8257007031289431 0.2660560565553928 0.16212695349486678 0.14968713946385487
0 0.7996807077488362 0.897668548247875 0.18680617513871448 0.10734129442637706
0 0.7454044596070565 0.4518123259939716 0.2148156704296533 0.14672621861966834
3 0.5406347735007218 0.13909301912686442 0.9055928793208453 0.27818603825372884
3 0.5257586546352032 0.28977023008055736 0.8299513226085404 0.2210165941494657
3 0.5136883506273698 0.6729471263525648 0.9452298084813571 0.34026264077595686
4 0.48568913424946064 0.1431585664541049 0.6413657008475973 0.2863171329082098
3 0.4579692893809743 0.8710851080629767 0.7999746625324283 0.2511753201028485
3 0.44082817502094573 0.4504120311398997 0.8128754363258892 0.2732296562746245
4 0.36840258215704913 0.6816315171079753 0.6457815962556317 0.2961997191005322
1 0.9302884615384616 0.13221153846153846 0.1346153846153846 0.1346153846153846
4 0.33833814466020357 0.9185935187825277 0.5921215673585851 0.1575016051826597
4 0.3092308642868437 0.44056391079687146 0.5892197947932823 0.2630190034795942
0 0.15322374583183312 0.1270489727794652 0.2712795226670883 0.17750308808676019