0 0.8405828301309833 0.19566412142374942 0.06754742289572627 0.06206273343877712
0 0.8172973418396732 0.3525864946155139 0.052794171391310624 0.02997226694907149
3 0.7812227587904563 0.19145299233381616 0.21315991314444432 0.11524946878653462
4 0.7425541811783487 0.48324289008787696 0.09137557514686606 0.061339820264342176
4 0.7267472031461545 0.336221548124709 0.14050404466039895 0.07672091699239562
3 0.7018484336257124 0.021307785396578037 0.23091851736395996 0.042615570793156074
0 0.7052956558393174 0.5814138558170167 0.10519714550868915 0.11008911653302984
3 0.6732033286444454 0.4976489336945838 0.31934976248831887 0.12745326620363676
3 0.6598001967660976 0.35045949843347474 0.3931476214022791 0.15172683437263979
0 0.6482909385192315 0.27720096739880246 0.09095495657222202 0.056532127956649934
4 0.618953882983406 0.7081030254713931 0.2358754962663815 0.18373381417981485
4 0.5975535479589035 0.17443214600117687 0.23566518697905947 0.18132996802596862
3 0.4485455977667384 0.2254671751419999 0.5458201834266377 0.3129185533455331
3 0.43041704719715246 0.7057573960087424 0.7025202233019937 0.38360458496197825