0 0.6508429140430437 0.24737316995489225 0.1732548062599794 0.1721933188873584
2 0.8786681994035166 0.4071300336000725 0.1747169262567917 0.3064162550177137
2 0.5237616949818343 0.4372774128409042 0.2080941840029628 0.35464024709348124
3 0.8772093933340519 0.4902589501502795 0.23405586498366332 0.7063866825250784
2 0.29575189858361 0.540520901177528 0.3231561722949416 0.5627933445333575
3 0.31490384615384615 0.5300480769230769 0.4567307692307692 0.9350961538461539
2 0.6837227972919173 0.5516803119146976 0.20826543933132385 0.4097324843894282
3 0.5180288461538461 0.5420673076923077 0.3293269230769231 0.9110576923076923
3 0.6826923076923077 0.578125 0.3125 0.8389423076923077
0 0.3022885356626991 0.16704173824005816 0.20154115543608817 0.16252877902830362
0 0.48464496055297973 0.1891663191327115 0.11757116752513866 0.10778023170588175
0 0.8934963953050155 0.19237825131587108 0.11153190494334726 0.08094547552854478