0 0.7187450187891234 0.8390222489957812 0.1119422624636275 0.11963467032894598
0 0.4472210512142429 0.7633044486729906 0.09372955676143163 0.09289864760178873
0 0.5721580610949123 0.7666882548659408 0.09107375013026314 0.0880489960034034
0 0.33866492276554044 0.7457703009464667 0.0867699787772155 0.0975804620374025
0 0.2065112636136905 0.719403098774553 0.10106707546163125 0.09542837162771342
4 0.7465798803199715 0.5604068712484379 0.21499435688598467 0.3904179333153501
4 0.2138657751464419 0.5102055444538984 0.17402343527050726 0.29603854395495754
4 0.482214682706583 0.5317319080884186 0.1556745277103662 0.3125297927063379
4 0.3589835168574813 0.5187536969254302 0.15922241763144684 0.2885752497492622
4 0.6003810849610279 0.5265763748708288 0.16832365967290278 0.324758819929033
3 0.7657272161928417 0.47051439622336405 0.2840895365807526 0.8839616620862826
3 0.3575040792550255 0.40925281905335165 0.25628188950174047 0.7657955669315855
3 0.495473272623857 0.4164731705758817 0.24463037782920913 0.8184284265720438
3 0.22269461347200703 0.3876513498984374 0.260459680616127 0.7538602547437404
3 0.6147786078358946 0.41254054008056146 0.20693494241892169 0.7865490372116515