0 0.400900602106609 0.8687519468012618 0.14884769788953386 0.14145426612147596
0 0.3323985439008152 0.3151132456200139 0.20151101521353737 0.20718922080245383
2 0.5186202847946813 0.1531580363460842 0.4699328772816701 0.26996134389641485
3 0.6057692307692307 0.640625 0.7836538461538461 0.3629807692307692
2 0.6377404661344241 0.6452818915154629 0.44664991316009733 0.29005550467104074
2 0.6934410403318249 0.8323340542351723 0.31432389612944245 0.20962166516171266
3 0.6026480806878012 0.29285692117443435 0.7785791051174151 0.3856789635971284
3 0.65625 0.8197115384615384 0.6826923076923077 0.2980769230769231
2 0.7331730769230769 0.9146634615384616 0.4855769230769231 0.1658653846153846
2 0.6911286955142324 0.28533544938524186 0.4184753125734002 0.3074377283698224
0 0.17540448415095805 0.21511010534684993 0.14255954515974845 0.16743443743078665
0 0.310344258678439 0.6794661248970676 0.14686357252284815 0.15331945142970774
0 0.36538461538461536 0.9411057692307693 0.21153846153846154 0.11298076923076923