0 0.2288426657002843 0.29946457279949407 0.085846510983903 0.07775155519140757
0 0.5724128677592588 0.24204167903012544 0.07737311679843291 0.0630346305935873
0 0.7976383237151705 0.22442099034970578 0.08500527383461513 0.06813617057602296
0 0.4559009725950849 0.28900644796815556 0.08218080910612521 0.06323052904341622
0 0.38165198376018455 0.3089187716298838 0.0725654244907406 0.06283873214375837
4 0.6331377693762099 0.43979782375089616 0.16505138867564065 0.24385772272563613
4 0.5083627893138879 0.47503720959443885 0.1629482958024213 0.2198192611871746
4 0.3909497243534178 0.49791454238155014 0.14341677329102526 0.24297617970140614
4 0.8470348550718653 0.4443504711921213 0.16369908895840432 0.2557790042699525
4 0.2526980591609676 0.5445589312668873 0.19978620256680857 0.31234080573230183
3 0.6773523018928052 0.5453487138357904 0.3010441341266368 0.6757582563317439
3 0.5481303154504261 0.5711196389013202 0.2774262911628193 0.6795864563902918
3 0.8629807692307693 0.5264423076923077 0.2692307692307692 0.6875
3 0.4155728017116085 0.6139133854936019 0.25254659247506994 0.6689915795257626
3 0.26126080729415835 0.6286445720390454 0.32030432465811826 0.7316344132196921