4 0.8597788994638472 0.09647912049508713 0.10507163284041873 0.15567791473945852
3 0.8710149343265049 0.18431185420103352 0.1776921846692283 0.36862370840206704
4 0.31188210559175056 0.3353250979479351 0.04645627282965 0.07130356876680903
3 0.3151382337927996 0.3650577109400291 0.10115902156880971 0.23218037308789155
3 0.46080868200070163 0.33190130674935986 0.10345098259314553 0.2227752977598288
0 0.7589127342946883 0.4066793389393177 0.04888809026587364 0.07391772420797721
0 0.3804739506928706 0.5286402047411689 0.034045444107132554 0.03659817617635319
0 0.6305718501811923 0.4983545773212263 0.04637235898251701 0.06409203030527057
3 0.37985858248056326 0.5815248201257842 0.1221223261763625 0.1763808489814812
4 0.3795508983744096 0.6079671278180918 0.08788108309258674 0.12295574972820493
4 0.8008533291509826 0.5170764640752152 0.1076433066885306 0.17031130094985733
3 0.6174757250404236 0.5919542006809129 0.1445960800323062 0.2503890171827633
3 0.7980718706850388 0.5497386964394603 0.1773845005630746 0.38533457637948676
4 0.6027869209347594 0.6160525948663829 0.088356594893006 0.16382113434358941
0 0.8152106881946858 0.01883712183678851 0.04877620513636316 0.03767424367357702