0 0.3124307638236052 0.23422674080465805 0.1312698123045046 0.1448190452261475
1 0.3691679115005364 0.7516175606212072 0.05489991219677748 0.04758616410455337
0 0.4516199770966213 0.40605218882882216 0.08726952153686768 0.07417554079570585
1 0.4281840449858189 0.5983844587583496 0.050092219889085306 0.0471937156195243
1 0.4590191623743065 0.5321314221626529 0.059595643570460904 0.045574766435736706
3 0.59241954635233 0.31016770468474714 0.7533720837296607 0.33928322054067206
2 0.513425014001134 0.7887295119087293 0.19130667175630642 0.09703626014691344
2 0.5676104358362435 0.5578865482739934 0.15217336769071382 0.07947359534360182
2 0.5655654918269052 0.6276961988567891 0.19896605395388095 0.10724031748984195
2 0.6479219879767668 0.46550991960551313 0.27460489406320165 0.1373617305462583
3 0.6433315896823972 0.5640676119132055 0.45774504549154543 0.1618901575927579
3 0.6066711897980935 0.8071995650591091 0.5403715021943868 0.18779255106902598
3 0.6514881682283171 0.6479814254334711 0.5114133874142239 0.18303401400500371
3 0.692979279762794 0.4824593340594457 0.5783325303802322 0.2316012993221306
2 0.7330708796221584 0.3469853196084972 0.5133760176867294 0.27658778976248904