0 0.9086538461538461 0.18629807692307693 0.13701923076923078 0.14423076923076922
0 0.8076923076923077 0.6862980769230769 0.13701923076923078 0.14182692307692307
0 0.8245192307692307 0.41346153846153844 0.12980769230769232 0.1346153846153846
0 0.7776442307692307 0.9050480769230769 0.16826923076923078 0.17067307692307693
3 0.5036057692307693 0.14783653846153846 0.9591346153846154 0.2956730769230769
3 0.44591346153846156 0.6454326923076923 0.8918269230769231 0.3245192307692308
3 0.4326923076923077 0.8629807692307693 0.8653846153846154 0.2692307692307692
4 0.4735576923076923 0.13341346153846154 0.5865384615384616 0.2668269230769231
3 0.4519230769230769 0.3762019230769231 0.8966346153846154 0.32211538461538464
4 0.40024038461538464 0.37259615384615385 0.5408653846153846 0.27403846153846156
4 0.35336538461538464 0.6454326923076923 0.5384615384615384 0.2668269230769231
4 0.2980769230769231 0.8689903846153846 0.5961538461538461 0.25721153846153844