0 0.6638843371273507 0.21125619655328032 0.0520727995360398 0.047351960071718664
0 0.6156129054590461 0.2807006353366803 0.06409203030527057 0.0477716808588791
3 0.5418591784961542 0.21422855506449842 0.30597823200185176 0.1281135929026081
0 0.5375647288475791 0.4286745277013987 0.06826879475099709 0.04072803071220467
3 0.4605501178856131 0.3030144121089737 0.3577208569565524 0.14429949713175885
0 0.3530101489156704 0.48492068797270826 0.08260142768076911 0.06759005919167294
3 0.31185872167001505 0.4316430566738063 0.39356823997692286 0.143154813339394
0 0.3173899659241465 0.6440209597865887 0.07998727223960109 0.06510226888039455
0 0.25881337917706715 0.8312538601084503 0.09828636032777761 0.0825168010593421
4 0.21441359849152516 0.4981647171529255 0.1812789852824785 0.09979397933511026
3 0.20929044225284993 0.5016025980688306 0.3437183986081194 0.14860352449485864
3 0.2013744226775653 0.647203178691387 0.2882196277823359 0.14426896272007447
4 0.18579464467421777 0.6599206675929483 0.16538374334814804 0.08246339131359466
3 0.17643697143397602 0.8633394721439607 0.24819548031623903 0.15245729665911348