0 0.744516822995241 0.8572505009449005 0.06527015719525874 0.08114548734183011
0 0.6078334707545381 0.09517982286850407 0.0920482415172949 0.09153026453082952
0 0.6264269997269457 0.3191700456795049 0.05257937316657127 0.0615649942139636
0 0.6211270801416926 0.4021726827666167 0.0380723520860624 0.05874147938360034
0 0.6533729214144463 0.6821986491267753 0.05257937316657127 0.0615649942139636
0 0.5893810742747211 0.21098410692963654 0.0599587999429739 0.06658252085991433
0 0.6324136888280981 0.5603369154645262 0.05464744269068907 0.05201955437799842
2 0.5860575700291331 0.8906780378430322 0.1965888443367286 0.12819173619971463
2 0.5160141354260764 0.42084028067136536 0.13814103922753226 0.10487844610903106
2 0.5026708948825849 0.3215702787426865 0.1692231509126681 0.10098003593379226
2 0.5479661721478177 0.7092797085699855 0.12902931955674019 0.11902174391443
2 0.5309484854219672 0.5776976731232226 0.1306776682936974 0.09745707330923405
2 0.43752287533406337 0.12414939135604104 0.21607144603979422 0.13596283289660913
2 0.450026674303234 0.24745785482318142 0.1895451941900543 0.13278959416914837
3 0.5188338218788728 0.8902326455129324 0.5448412944263771 0.1983599382822778
3 0.4399991770289103 0.4314570027615414 0.41626223006848156 0.16099901881919776
3 0.45832943586199 0.5942190934288848 0.4352411668269545 0.15434703859301527
3 0.46444587073810084 0.7285197265368816 0.4534951405802231 0.19570203666433655
3 0.4120229991687616 0.33861628489399503 0.5127518528520562 0.17341219461136262
3 0.370699751226311 0.2497660325440252 0.5294948317715472 0.171497961913453
3 0.35425440639664274 0.13617787086139874 0.6129884283083901 0.2243568536444856