0 0.5338019039907741 0.3288228078958788 0.042432837691510766 0.0353189829773917
0 0.47658708723167853 0.29036535957778253 0.04746445186722111 0.040322573734913
3 0.45181425176746326 0.40857215039385153 0.13853401730570006 0.08961977197982443
3 0.4545309613808556 0.324388560396779 0.1911947108222974 0.08696696262025008
0 0.44089823885053686 0.20341265890515567 0.06255929439435202 0.05533334600747663
3 0.3427486231507096 0.8111490544595598 0.3210616975243417 0.14504288692533124
3 0.41246696761589546 0.2708938074281694 0.19622632499800774 0.09197055337777126
4 0.38940650728633897 0.27477098209917444 0.12287937010852391 0.06258976893803012
4 0.35467577655001686 0.5033587975423376 0.13339044219598067 0.08221233506845713
4 0.33745036234936704 0.6146478975716115 0.13808617356966396 0.08000438736443982
4 0.31860482853293415 0.7090121252990479 0.11874344340488573 0.07681694741127824
4 0.2943028561472358 0.894673532260181 0.15754086466845124 0.08559567347144782
3 0.34276850671479503 0.5004652052639192 0.3038988916453916 0.1371457038893915
3 0.30624971496167636 0.7157339176360141 0.28707196856846856 0.13646005931499053
3 0.31408366641495955 0.5992453283993902 0.30082327988749147 0.1226246777414003
3 0.2448000881253716 0.897473265457127 0.3476159661506585 0.14852417455323638
3 0.306299245722938 0.37855878613560867 0.276284308073337 0.16241262088272593
3 0.31992220462016613 0.21534212073635636 0.29473135076604307 0.1463692916051184