0 0.49746193470482947 0.2331213446848919 0.06742945475196663 0.07765033026489469
0 0.44399157808728684 0.22287660621601113 0.09812415413010783 0.10683213949957984
0 0.7656162281142621 0.34690097959405103 0.06727540929096748 0.0752464841110486
0 0.8300274972740429 0.3741124975517429 0.07766102121134712 0.08737760000978972
0 0.6762888067694569 0.3518756575306949 0.0726992834426558 0.08491781129118846
0 0.5751266407274888 0.3350618780296466 0.08518065059488346 0.09226920616461488
0 0.898214722633954 0.43624971294614806 0.09300837090041753 0.10196850462713222
4 0.6388931298378611 0.4849534636806252 0.11710771366101642 0.14068178463006925
4 0.5318753938722763 0.4656659098197867 0.1205898780418552 0.15753667898936996
4 0.7720916646931866 0.5273992257503447 0.12980400749638002 0.18887059283650268
4 0.37251220163557264 0.43734952620817935 0.1826563398642707 0.2639492492532857
3 0.3422491980293596 0.47789324107622144 0.31532264508618163 0.6474194954218165
4 0.8417280228298817 0.6232322442221623 0.1452122384075878 0.24189506463300603
0 0.7149707991311 0.5928896267688064 0.08773854220972847 0.09470102360083867
0 0.6020974932418988 0.5711282985481778 0.09029643382457363 0.09713284103706243
0 0.5106743166652454 0.5712673128947519 0.09347050728341454 0.10918004308867069
0 0.44674132539682393 0.5741318431425145 0.11393364020217553 0.1286345825784609
3 0.8197115384615384 0.6850961538461539 0.3125 0.625
3 0.5559193826277063 0.7474054072613948 0.22398017605134007 0.45899644310335547
3 0.671875 0.7644230769230769 0.2764423076923077 0.46634615384615385