0 0.49271277565632376 0.09905220694069318 0.08005798307532921 0.07178795134384487
0 0.622859842842343 0.5904180005646974 0.045172566647383845 0.04338553032322041
0 0.5138271753501129 0.26775331626500826 0.06725502576803531 0.05426098779252291
0 0.6322579334444047 0.6886956766826301 0.07776609785549209 0.0740517894028115
0 0.5268573684527724 0.3405105915777969 0.06060329197654195 0.06586019427711448
3 0.3786683775524689 0.0980860061688959 0.35337864032477495 0.1961720123377918
3 0.4068889826284827 0.3523186886294776 0.2974710797219163 0.1587679025573749
3 0.48922577336321105 0.6452034579254042 0.3579031163700972 0.1694796433909076
3 0.35701737068006784 0.26483461166296246 0.38026879175311873 0.23790740045763806
3 0.4416197133648048 0.5804859153729877 0.28109200038102927 0.16740323050860126
3 0.4620656613818875 0.7865866481767979 0.47821401285110904 0.28196926271436734