3 0.930719141920086 0.5224108683739201 0.08318748275608975 0.1714124634474419
3 0.9759615384615384 0.49759615384615385 0.04326923076923077 0.1778846153846154
3 0.8344533954856842 0.5243269079838732 0.08598297989188043 0.1884074798223061
3 0.7889201939133018 0.53353029602937 0.08581512947104714 0.18119594136076764
0 0.8724113826847227 0.5000027998321996 0.12092166939401713 0.1428519562145
0 0.2350874409611117 0.6866265868104341 0.07155789309070516 0.08420162871721605
0 0.4202105649383553 0.6231185869892273 0.09347225917670944 0.09773369916791698
0 0.3014719559542206 0.6422565129296208 0.08380092442104708 0.0946574798223061
0 0.7002286569131949 0.4988003167888366 0.10610694148899569 0.1250164733499301
2 0.27167364478429534 0.5516415089328669 0.12595316226282066 0.15280352742576697
2 0.38753182648317347 0.4604722450260592 0.15457752542596162 0.24840255370311937
2 0.8629878038041136 0.3020216787357741 0.1796790396297011 0.29575656360560754
3 0.17540689341084445 0.5017908095861568 0.2031060693813038 0.47738977152759815
3 0.3805710587138359 0.4200270936555274 0.22837543400587662 0.5319553198916248
3 0.24665505085192346 0.45948839526330765 0.23983516337232944 0.508757324842869
2 0.6430918308674684 0.3198060616512338 0.18163528466132506 0.27669388767277947
3 0.834252545299466 0.29111864449517616 0.307928167522009 0.5822372889903523
3 0.6250060296342951 0.29362301064792307 0.30770436696089776 0.5872460212958461