0 0.2969444143253472 0.6621755139162696 0.061775567856289015 0.03955789467968639
0 0.2903320913641203 0.41726322241372144 0.055011873130786634 0.04875325501043179
0 0.31719922344998314 0.5051317608535407 0.05434010752673251 0.03433017808735501
4 0.3314280257022181 0.5275364207599949 0.07720629318544699 0.062032558633580454
2 0.3628229477607508 0.6096753600049584 0.14965756060285867 0.07344433994151209
3 0.3817408535319738 0.5268708215217008 0.19186647642635152 0.10467063140062184
3 0.413527638859538 0.6174232223051258 0.3797023592283786 0.12280280126278215
0 0.4230080431984327 0.692292473311556 0.076534527581393 0.04760948171050353
0 0.38896878348129793 0.3474924125999577 0.0793862174712751 0.05736487442076802
0 0.4241374161716134 0.4334471332180101 0.0841939097789674 0.057644890610527494
1 0.5094148383877519 0.8231846675669512 0.05478795126276859 0.043945562702739624
2 0.5370787745721161 0.6965390116644988 0.18694682318465006 0.10198676905701622
0 0.592746021819171 0.93951377680439 0.08441783164698545 0.0624525829182198
3 0.574506331357745 0.7023149063659044 0.4091083177445774 0.1365021291705703
2 0.5492493771056224 0.44313140030560416 0.1932626741741165 0.08317602411088633
2 0.6017653267126394 0.7985969063441853 0.14049001972351013 0.08249969217737749
3 0.6159412842762652 0.43383047311608386 0.46473266208506586 0.14693385381434337
1 0.6688293917371804 0.9259651896866963 0.055011873130786496 0.04875325501043193
3 0.6632313450367298 0.8057728819943886 0.3797023592283786 0.12280280126278215
0 0.6463976159561592 0.2641956026341601 0.05489991219677775 0.04634940885658564
0 0.6430124546660605 0.21725059858672024 0.07882641280123 0.04534564365153718
3 0.7429007787703751 0.9206900560125845 0.22848397340408866 0.11878998359304933
2 0.7485185308859589 0.9126266147113224 0.14116178532756424 0.09692276910045468
2 0.6996938000249394 0.14743349326640673 0.12422290131663215 0.09353886628244992
0 0.7575509133398654 0.5403686268319229 0.08648579499880454 0.05538105255156121
3 0.7206862970026768 0.16064279284211555 0.23541892345795234 0.1647430767058856
3 0.7374935146644668 0.2898785984998437 0.24609462301907514 0.13659696333413057
2 0.7481988614227653 0.28810478877295653 0.14814940192108467 0.09253510107740144
2 0.7792448231188328 0.5943733069755764 0.11415967296521146 0.08336344928754627
3 0.8122828841356294 0.5831122664577393 0.22133172933690248 0.1711145665981455
0 0.25794940446359205 0.6227457730610179 0.055235794998804606 0.05356094731812423