0 0.4942844982260501 0.2869568718560643 0.06882407281047957 0.07033063752593559
0 0.4726131984548691 0.10034924540078877 0.056104801566849986 0.05775160208665978
0 0.4948552633007838 0.1736962002902725 0.07701566793617659 0.08749344340488573
0 0.6123681949504074 0.6805258172648222 0.07094790277456625 0.0656349061522523
0 0.5688048505705112 0.4145616205354476 0.07885948171050353 0.07799001972351013
0 0.6228580693711753 0.6038826426767678 0.04070166797961478 0.04025291340568252
4 0.5812644494395802 0.07648535311803592 0.1513948906105275 0.08856038620531893
4 0.7621207943841737 0.9442047566290549 0.0893386234360568 0.05210751670124726
3 0.7708842761598347 0.938587004513471 0.1847687205746142 0.08532014697375263
4 0.6652838868454363 0.24791913723669506 0.2490651172671609 0.16023455493936262
3 0.6815389232723952 0.23782957561544593 0.5099168661955733 0.23471437487832686
3 0.7248566926986366 0.4459335232514994 0.31950040474398844 0.1347472291134791
4 0.6744662713305061 0.11095588693446881 0.2637682103799976 0.16571401285110904
3 0.6756800486778742 0.1315005401761701 0.485178364182713 0.22157553476900602
3 0.6635671053203135 0.09116531303365451 0.4709427124362961 0.14180076795604693
4 0.7779417091055875 0.6725701412444395 0.22843426708759404 0.13530040592882905
3 0.7698308507225451 0.5842139714920053 0.3469227691004544 0.15280572246450128
3 0.7652105835915127 0.6635408945689284 0.4031675787621843 0.21296117070500742
4 0.7397342351424575 0.3767258089930014 0.2478050444132429 0.13859993955474736
3 0.7443319153078303 0.3805555000917887 0.4339975544775449 0.20720512438558594
3 0.7358010326401486 0.299410868800893 0.39796357071074284 0.16477228669407518