3 0.5337950805452361 0.44427903924311757 0.5078068066411839 0.2497615819492129
3 0.46869669215305165 0.8475736144442225 0.6524572966591136 0.2693396270381132
4 0.6842377174259797 0.6297224689474022 0.24019385173568772 0.14455760185033192
3 0.6862218427926654 0.6178292184168327 0.3238553365873948 0.20412939150327275
0 0.1940553543067233 0.7815921650484889 0.07703755549219338 0.07602077201388041
0 0.3456769370315272 0.34804009932774693 0.0832417640645468 0.04755255888371005
0 0.3238515579979842 0.4788658551640127 0.06658272930248789 0.051478389520774215
3 0.42339365391139844 0.27173159116904955 0.26588066201110677 0.1243087690909892
4 0.38227265823430684 0.5371148523110114 0.14236112243319982 0.09144146922696245
4 0.40833338767935967 0.42450691298658355 0.18389806030804115 0.11281390251497132
4 0.355296202135122 0.8296333124579174 0.22767095602186457 0.12950462373394891
3 0.4333830086458167 0.5577892834767418 0.3290827496822477 0.2164005827498257