0 0.3688322078917283 0.44296480200123267 0.07357768431418449 0.05934869628997483
0 0.35507270751901093 0.3144871865948981 0.0785534699198179 0.062032558633580454
0 0.459431298504992 0.7393390409739388 0.06636614585264602 0.05892867200533548
0 0.4376280298559955 0.5718280004561017 0.06155845354495371 0.05864865581557602
4 0.4909235218776189 0.2718609680983018 0.165041391475609 0.10058668810821846
4 0.5152481899957322 0.4033143163084466 0.174992962686876 0.10595441279542984
4 0.5840440119599996 0.5321775147633157 0.20602432940626458 0.13888450993398707
4 0.6107390195656588 0.6982066160144702 0.21015964852219218 0.12954914150836208
3 0.5485905595785913 0.25174385479170414 0.4779445914040919 0.19302695502205963
3 0.5743692907205395 0.37952142972363984 0.4885685358071232 0.20801006432465563
3 0.6256658164161192 0.5189800694580519 0.47481783207581074 0.21678540037076155
3 0.6658341178148439 0.6806333569565984 0.5046725457096113 0.23288857443239572