2 0.37622788926133843 0.41232824138680557 0.14045255991498884 0.22303115202903628
2 0.5211944002184962 0.3689139976367741 0.1432488545538642 0.22792278849416084
3 0.7081546843685393 0.33961375905296504 0.19348305410195146 0.6084020340613097
3 0.6320165044155212 0.33268458747540713 0.16650122892576966 0.5715049001792967
3 0.22412317597598155 0.3816849472334828 0.25887765922816713 0.5579517992422248
3 0.37993157224728213 0.35227405961936786 0.2012345067795294 0.5271749297751331
0 0.6960872901860531 0.6049029824232366 0.07280197109810296 0.06965812871579075
1 0.6383458272500753 0.5781554325128849 0.07358686806816195 0.07927351333117535
1 0.21671620673626002 0.6192459956770916 0.06279413799768914 0.06451465977837009
1 0.37269624962824016 0.5730501570647696 0.06779805454789613 0.06708639424708042
0 0.5467786731734887 0.5106417093504229 0.06819050303292548 0.07189408655477272
2 0.7051869414750673 0.4200166889706631 0.13176914126850756 0.2634768158572606
2 0.6344697041791203 0.4200891954610634 0.11921039301540268 0.22708334691983995
2 0.22434417620641417 0.4523885483783642 0.1490376680741299 0.24010990757825576