0 0.7352642377663293 0.3462038942614031 0.05803481834902978 0.11119229128923044
0 0.8597900607604647 0.3603883732189563 0.04729982439355523 0.08704194462125842
0 0.49611119265581294 0.3754433301914715 0.03690071324010747 0.070103136414825
0 0.434925076666745 0.37856044404594663 0.0317571381303881 0.0628356553885313
0 0.684925076666745 0.37565143067867546 0.0361169867020446 0.053276213337901925
0 0.3876878605948895 0.3971487158473449 0.03712463510812551 0.07491082872251717
0 0.5697380498803192 0.40705611479706644 0.0418203664818088 0.07256292513342626
0 0.6257542574898393 0.42203777530238146 0.03198105999840614 0.06764334769622347
4 0.6909149866362271 0.5042571999094447 0.05390551950008689 0.2288688676981815
4 0.446002581278942 0.513119886096576 0.05177826175391564 0.18319579077510456
4 0.508502581278942 0.5123926327547583 0.06318502131344444 0.22176921436615352
4 0.8845662101520276 0.53086565116539 0.0835353998843036 0.24603144616363587
4 0.5746939781738918 0.5392816388997936 0.06251325570939031 0.2073461374430766
4 0.3957753811133668 0.5449712686676946 0.06340894318146248 0.22657690667384583
3 0.5111599964979822 0.5436286471135694 0.07739743207789364 0.4237482338539857
4 0.631800147926326 0.5518454676100737 0.05748164153367997 0.20248250257062905
4 0.7533623200965701 0.5540386870807738 0.08532677482844793 0.28449298462517436
3 0.44245610644252487 0.5660744296871355 0.0782931195499658 0.4429790030847549
3 0.5781351199309951 0.587344576335528 0.07874096328600189 0.45259438770013954
3 0.6971255045463797 0.5859599978578364 0.08316010625201013 0.4958915897517478
3 0.4003064850133841 0.590616374308394 0.07974861169208293 0.4742290030847549
3 0.6351853092164248 0.5987064819688849 0.07706154927586685 0.4165366953924472
3 0.8868910564963883 0.6066007906527326 0.10960904179901312 0.5995087159085309
3 0.75384312495713 0.6418210286197248 0.12141097855492088 0.6981503220633561