0 0.7475961538461539 0.8954326923076923 0.11298076923076923 0.10576923076923077
0 0.6766826923076923 0.6141826923076923 0.09134615384615384 0.07211538461538461
0 0.609375 0.4110576923076923 0.14182692307692307 0.10336538461538461
0 0.6189903846153846 0.5480769230769231 0.13221153846153846 0.09615384615384616
0 0.5769230769230769 0.09495192307692307 0.1201923076923077 0.11298076923076923
2 0.48197115384615385 0.8978365384615384 0.35336538461538464 0.19951923076923078
3 0.4230769230769231 0.8786057692307693 0.7932692307692307 0.23798076923076922
2 0.3557692307692308 0.41947115384615385 0.36538461538461536 0.20432692307692307
3 0.36778846153846156 0.6466346153846154 0.7115384615384616 0.13942307692307693
2 0.3557692307692308 0.5793269230769231 0.3605769230769231 0.17307692307692307
3 0.3449519230769231 0.41947115384615385 0.6899038461538461 0.23798076923076922
3 0.328125 0.15144230769230768 0.65625 0.30288461538461536
3 0.3449519230769231 0.5769230769230769 0.6850961538461539 0.22115384615384615
2 0.2536057692307692 0.15504807692307693 0.4519230769230769 0.27163461538461536