1 0.6534003294971226 0.6900733193345742 0.09895163733062654 0.10007181515042408
2 0.4515785566525104 0.5710441319109134 0.2408855001314768 0.4395936379053341
4 0.2836590497803772 0.5658813468856939 0.23057066772189708 0.4151633794672148
4 0.8019990343509467 0.41030482813861735 0.2477473146959177 0.4278682548108466
2 0.6158537088135001 0.4539046107647222 0.18903155896590024 0.3078269610993528
3 0.4326018428858364 0.4939495902898117 0.44729631422832716 0.9878991805796234
3 0.1396108006984171 0.5279238164963509 0.2792216013968342 0.9393446746996059
3 0.2558142334090148 0.4913845583509707 0.36827489392266494 0.939389559168621
3 0.7787649377758096 0.4035727568886213 0.3992008936791501 0.8071455137772426
3 0.6174845493030673 0.3727594382572942 0.35156936293232705 0.7455188765145884
1 0.5258159857492652 0.9077601398081385 0.10581345189506745 0.0883464320559366
1 0.18617423026276245 0.9456094420595371 0.09386416590525617 0.09026053208521034
0 0.3321186465893097 0.8808382577954396 0.11930152303210798 0.13931694741127826
1 0.8353011340528974 0.7510898190132342 0.09125048541315167 0.08295104439875772