0 0.36233975038299693 0.07569476392193884 0.07206197486963689 0.07218239794798512
0 0.31099288565443256 0.45937739872368216 0.059790911628109865 0.06413039299674098
0 0.34392554739248504 0.23507152325021982 0.0602106324152703 0.07614962376597176
0 0.3350122504482415 0.3231733644528219 0.06476649225066634 0.06927427190031551
0 0.2762325491975268 0.7686836260628007 0.06708639424708042 0.06703851904441048
0 0.314003437654956 0.6142573823488179 0.04743590422915075 0.0536745418916508
0 0.28249782659324896 0.8794286424376648 0.06227870193938804 0.06670233244852825
0 0.38476039759618536 0.16838566415162176 0.055151107635281735 0.06860189870855106
0 0.33746572775842465 0.530769870164632 0.05937119084094943 0.052111162227510346
0 0.32025344784483595 0.6902306761418835 0.07189408655477272 0.0673747056402927
0 0.3674527358581328 0.3937841460617014 0.05498321932041742 0.06379420640085876
0 0.40496035417623405 0.3004878859728545 0.06476649225066634 0.06927427190031558
0 0.3923573438437892 0.3859337410746987 0.044948113917872505 0.05110260243986339
3 0.590377017446274 0.2882747319479075 0.5755036853243524 0.20570349622743264
3 0.6129426266908636 0.14477511256653822 0.596077561074035 0.24550978107250016
3 0.5193300824928428 0.8288462332751151 0.5842262186196684 0.24947700689048674
3 0.5649916707994884 0.5227002719305778 0.5638202311848499 0.21447841435311155
3 0.5353290016624768 0.7376429027355672 0.5040598539684245 0.21989146651996805
3 0.5451237122597573 0.6747814461483498 0.5440857970094883 0.19871059104650557
3 0.5610806593506752 0.5823761925318789 0.48315020158901345 0.1704697970595158
3 0.6149305815963598 0.2360372197637215 0.5230387907268975 0.2140246744419585
3 0.5288461538461539 0.9014423076923077 0.5673076923076923 0.19230769230769232
3 0.5785524308141811 0.6363534143531115 0.4531593639504947 0.2043422764939735
3 0.6181357267846213 0.36215509619167396 0.5130876294817845 0.20373691663480942
3 0.6189637306919104 0.45453507981680974 0.5275946505622934 0.20714932257630225