3 0.14621425899502208 0.27282227651391533 0.11521839608113665 0.3892189981863637
4 0.8117789625023886 0.29737303352030536 0.09730062991465943 0.20103335361196256
3 0.6675342081038045 0.3056538331690184 0.12241594937486046 0.3871089997072609
3 0.922153100645997 0.32772313840500994 0.14480576382147456 0.5177982350391832
4 0.4727457512192847 0.32680887423324256 0.15823589382970113 0.347712853465593
3 0.8126522341356638 0.35381444352323277 0.1567410835838169 0.5038649042406786
3 0.48036905077621017 0.46638291158270895 0.267431490713557 0.9327658231654179
0 0.5055970529340789 0.050295149693970136 0.08705591274760903 0.09246847978922784
0 0.9234677064205881 0.10176159994347149 0.0580978775589369 0.0720623198594852
0 0.1543697962840593 0.11026881345455654 0.04117305830731018 0.054549752208161
0 0.8234843283509358 0.14428803123895956 0.0580978775589369 0.0720623198594852
0 0.6792745368718888 0.14655921550305723 0.048370611601033724 0.052439753729058194
0 0.09416875367929448 0.1307463902312639 0.0242482390556835 0.03703718455683679
0 0.3572780261829299 0.13925171933390101 0.03628145499272902 0.03993077683525522
0 0.2455341429486208 0.1377967429078075 0.031459777517221926 0.037331032231580144
0 0.3055883412913302 0.14255955074648474 0.026610129706085263 0.029923595320212756
4 0.24157175193857425 0.1992417436682561 0.0510261907755463 0.0958069337232034
3 0.20550007446306712 0.20311482819581897 0.03698071338346887 0.1601230845275629
4 0.306398679669439 0.20981826844171983 0.04621849846785399 0.09561103527337454
3 0.24500969915556592 0.22794097367703825 0.06371670959988728 0.21168129523239104
3 0.3026810290961514 0.22919596150986074 0.06855237224320916 0.21668488598991223
4 0.3591504359598138 0.23049992395514043 0.06326918422981392 0.13475821830931414
3 0.08882263241073249 0.22349036560416974 0.0470296382011122 0.23503411219645146
4 0.921405695523055 0.24964711301746717 0.10697195520130319 0.21104053512700502
2 0.1476819002604263 0.22710022497838114 0.08996322494278783 0.1791048905526038
4 0.6737815713412716 0.26454357549134766 0.07549819251626662 0.17130565674157872
3 0.3601635592712372 0.26290287241960625 0.10266772893494373 0.29738309821563763