1 0.7864773111960534 0.7688336431361018 0.12830435655153577 0.16702872221193352
0 0.752999063384092 0.17711565482993213 0.1712378106910382 0.15867234362609997
1 0.7125800534793421 0.5765866468717021 0.14239165684488433 0.15783300627306587
0 0.6535522983457418 0.40642890705814466 0.1468635725228483 0.14835751121652024
3 0.4299946569874492 0.21684703859301527 0.8599893139748984 0.40004023103218433
3 0.43149038461538464 0.7884615384615384 0.8629807692307693 0.4182692307692308
3 0.4001068093016155 0.5851729478039146 0.800213618603231 0.3289997417616753
3 0.3773427773304775 0.41857314300462506 0.754685554660955 0.2794539783169424
2 0.34833246280947056 0.8090232810560762 0.6126297763445983 0.3516208102394928
2 0.2734088803577209 0.21350255100767024 0.5468177607154417 0.35488971739995584
2 0.2604738719849584 0.5654911505975829 0.5209477439699168 0.26559768581055054
2 0.2421817556917843 0.4314831584340556 0.4843635113835686 0.24277400917580352
0 0.20704356862763482 0.6172216771217764 0.2818452681796455 0.23153139716151636