2 0.6138249600939817 0.6570256523979908 0.200638082064335 0.10777451802886681
2 0.532556559087757 0.8048847778251891 0.3530873559222367 0.20313348954475374
3 0.5116894698378978 0.6653798425842271 0.7013653354061529 0.19939620176385867
2 0.43734952620817935 0.37503892753702645 0.35509960412279623 0.16961965148578748
3 0.4736623283185262 0.8083149761497433 0.8923041190079706 0.2993991489516678
3 0.4362857754125162 0.18025738502804806 0.8708373313176208 0.31256215302082696
2 0.38454714054006867 0.17845986676027076 0.5218320984918866 0.2537994408017222
3 0.39532417543943804 0.3810948384281916 0.7835436451549638 0.2426180154513091
0 0.8095104410468521 0.10920728012039803 0.14384085540811087 0.18133740067482937
0 0.8383336760025126 0.7257356688049417 0.13109437129706228 0.11813736020043045
0 0.8204578298364293 0.6365714946998693 0.08262585026685251 0.08168335214898903
0 0.7280890400528648 0.34728064036426676 0.09718878360181768 0.09454263148749849