3 0.47001059656541777 0.4363167301592542 0.10373360598473597 0.1830498051697228
0 0.8884361918109435 0.618345021394387 0.05696713624452999 0.06058985318151418
0 0.7054990773906673 0.6171839847946006 0.05449334531126427 0.05806002678900713
0 0.8403021857813922 0.6591576375097252 0.03724675355782381 0.04275508819530179
4 0.878859392675933 0.740626224643888 0.11052547576975733 0.1690046689626294
4 0.7043928227467467 0.6965738979908542 0.08996575573001746 0.12232375013026314
4 0.2515568506005517 0.5801525658414882 0.10529811478554804 0.15432963156223012
4 0.8222640908914193 0.7412714582661201 0.06599723897097548 0.12346779389749767
4 0.5510362823565295 0.6716842396396172 0.11250965324708649 0.1547075722782136
3 0.8190908521639584 0.7675877857197666 0.11063964167501357 0.2554171502624297
3 0.6934484873223915 0.7417430539592866 0.1431486477045649 0.30032412413425535
3 0.8629807692307693 0.7884615384615384 0.1778846153846154 0.4182692307692308
3 0.24627240666371425 0.6376559031758041 0.16130452159045847 0.3468790627279607
3 0.536206398583727 0.7262798098654424 0.15869084109835377 0.3395415440277608