3 0.1545026136544281 0.2757055828313433 0.08421810206714603 0.1772771659233161
3 0.19726756452983552 0.2854372670007176 0.09422021326108322 0.14913105255156114
0 0.666555911056399 0.4431065701894837 0.057423134429025864 0.06798402424120102
0 0.1067794704561973 0.5094624006748294 0.04920303617984065 0.053140923033484895
0 0.9336937507378692 0.43694284928908267 0.05775932102490836 0.07279171654889333
3 0.9129419051506649 0.5093501043646718 0.12089762758393235 0.22250651002086358
3 0.6595212625342067 0.560965035775385 0.15490413368359113 0.33221967598761803
0 0.8692189344702809 0.5478353513671004 0.04612681683423011 0.04338553032322041
3 0.13761803385274948 0.6379744573172685 0.1784383153282293 0.32640821847487717
3 0.8093331772297734 0.6276178615399979 0.21683284045716725 0.25921682572117477
0 0.05345047176827377 0.8406449917965246 0.05915460739110755 0.058508647720696146
3 0.06850961538461539 0.8978365384615384 0.13701923076923078 0.19951923076923078