0 0.9302188084305866 0.37064981145444886 0.07417885683050794 0.07011710832816767
0 0.5494079782207449 0.2947694308887237 0.066197091063975 0.058055922055492405
0 0.7722886074623042 0.34153174819105586 0.07837036729420478 0.06052969404841262
0 0.6843475952664898 0.3264241994002034 0.07146691975466404 0.06529543085266044
0 0.2418069923616429 0.23888820242843217 0.0692171190618169 0.0676852918386918
0 0.39489906041116435 0.28725801267431655 0.05340763298974949 0.04596676544718757
0 0.13250901509214238 0.2383226044870823 0.06875498267882002 0.06047375337715334
0 0.8365924132805169 0.3880151634922416 0.06844689175682216 0.055666061069461176
0 0.4771851302637922 0.3156146856469525 0.05417786029474424 0.05798599621641834
0 0.319100883834511 0.28890046853740575 0.06952520998381477 0.07249298414638411
0 0.6127875112729638 0.35567592311298635 0.06348515398813084 0.05323424457998531
0 0.7049666160519058 0.3983927397535326 0.07146691975466432 0.06529543085266044
0 0.6207854185478594 0.38086036705711174 0.053253587528750486 0.04356291929334141
3 0.7121818393247564 0.5857808584110142 0.21920108194906016 0.570774411215463
3 0.850650202870771 0.6186165722476947 0.2516834456370519 0.5901869876278246
3 0.17584465430047863 0.4807684294140814 0.26533629525513397 0.5782516678654827
3 0.4793007118153151 0.5450840971645566 0.2304500854132962 0.5588251062853062
3 0.26580439899764186 0.5018716084217345 0.23140664119601456 0.4987569227747819
3 0.32738012623164814 0.5159310709816267 0.21464059934122864 0.5371065798938021
3 0.4196666943521581 0.538222187898388 0.1843471551239471 0.47685658920168544
3 0.7632179091773843 0.6143193385652426 0.22783131257631395 0.5179597216699215
3 0.1028280679075444 0.48253675178750366 0.2056561358150888 0.5589649579634541
3 0.36593482893204843 0.5517510154364674 0.21630650120680472 0.45061007385878493
3 0.6373240770224591 0.6102458675678271 0.2175997461169333 0.5082883963832779
3 0.5452381364823791 0.6035727580671583 0.22077381957577435 0.5203216123203234