0 0.8150792740853027 0.5354841517969801 0.06665734787581812 0.08187360292469875
0 0.3386716939788081 0.5016181537283851 0.07096111922886578 0.07245411675914298
0 0.06627608635258365 0.4820874551621337 0.06450546219929434 0.08658334600747662
0 0.4786667927855023 0.5193674141551111 0.05388223567462037 0.06696077987704954
0 0.20374135876677057 0.5021426125177914 0.060715833420175475 0.060043089090254506
0 0.6247344970961424 0.5361596245672001 0.07070915875154345 0.06764642445145068
3 0.3173076923076923 0.7259615384615384 0.17307692307692307 0.5432692307692307
3 0.8112980769230769 0.7463942307692307 0.18990384615384615 0.5024038461538461
3 0.06773674112009666 0.7183765551914075 0.13547348224019332 0.5521377257674305
3 0.46033653846153844 0.7367788461538461 0.17548076923076922 0.5216346153846154
3 0.18389423076923078 0.7283653846153846 0.17548076923076922 0.5384615384615384
3 0.609375 0.7439903846153846 0.18028846153846154 0.5072115384615384
3 0.9074519230769231 0.7584134615384616 0.13221153846153846 0.47836538461538464