0 0.2995058373856734 0.7251102473731155 0.06189255053870072 0.0764870462829424
0 0.4494780600817435 0.7113454746350703 0.053840963507883706 0.061517511651420984
0 0.8458326592765993 0.7365929562918379 0.05115710116427808 0.056527666774247094
4 0.293229181656974 0.5762539384041355 0.12418141682115068 0.20086886307332627
4 0.4627703395505676 0.5902976176295097 0.09818284195437244 0.16539349122466454
4 0.5763929994787408 0.5893344800645 0.10609442089030971 0.17795917970233993
4 0.7829719063441853 0.6229373709090207 0.08121591078256948 0.16171457708444728
3 0.2965204934618789 0.5094927038048879 0.19554710072989534 0.5221839119096133
4 0.855729181656974 0.6188776396628242 0.07897578126449317 0.12325303862290883
3 0.4614639711901 0.5267778471220681 0.18950304410917532 0.4595017593401317
3 0.7789698213696669 0.5747693715473569 0.14471743283715727 0.3890974733512526
3 0.8649363962581643 0.5920530954562605 0.151648955108936 0.38483623875200507
3 0.5704189469054607 0.5278542505719414 0.18173147326811764 0.4493399170163024
3 0.6588712262656892 0.5261804341042982 0.13185815349864782 0.37376363358076775