0 0.18796925004469806 0.5372596153846154 0.1270451941900544 0.12740384615384615
1 0.6597793822521587 0.5528846153846154 0.044948113917872505 0.04807692307692308
0 0.5045367121413438 0.5240384615384616 0.05730312131683162 0.057692307692307696
1 0.3294489588248611 0.47836538461538464 0.045283890547600854 0.057692307692307696
2 0.6683492944384527 0.4795673076923077 0.056494214154194984 0.10336538461538461
2 0.5264689616157819 0.41225961538461536 0.07019232807206749 0.15144230769230768
3 0.673969723447592 0.421875 0.13641640541076355 0.3269230769230769
2 0.3549183005784785 0.33413461538461536 0.1033730436930055 0.20673076923076922
3 0.24870264414921345 0.3125 0.2714057601451819 0.6129807692307693
3 0.5430745866320931 0.34975961538461536 0.1555937648957852 0.3942307692307692
3 0.38147508683990267 0.2620192307692308 0.1786859653684303 0.5048076923076923
2 0.25130491302960817 0.23798076923076922 0.1766941809241237 0.31009615384615385