0 0.29459463705357786 0.26530148818768845 0.11562959813863435 0.09701526458590592
4 0.3265086295752902 0.7763554239283922 0.44211067460084597 0.2553455989274406
4 0.5200658132749125 0.34229943725300566 0.3094087738991037 0.18376480012455304
3 0.46274038461538464 0.7572115384615384 0.9254807692307693 0.4807692307692308
0 0.48871869298406967 0.6375945734600992 0.046212594406950774 0.038325336603593246
0 0.5180306314485923 0.559464462650457 0.03321224242514676 0.025676204641056664
3 0.5950510270285949 0.3257091422244786 0.790177211204003 0.44352992902441823
4 0.5568604375054907 0.6604787696120419 0.10665204149446393 0.07500270848530705
4 0.5858534619844064 0.5714683609907615 0.09865560606286677 0.06500938315393895
3 0.602582272940072 0.5735521457383127 0.23037638555203566 0.12457095118759572
3 0.5854122549878726 0.665596301706745 0.2712417701674203 0.1267126152448352
0 0.07805235814795076 0.6423733909123299 0.15610471629590153 0.1618986675011837