3 0.24076336538215878 0.7960407725910792 0.17184802986891035 0.054453229190491795
3 0.2530333668435904 0.7554831137472224 0.1409337307105769 0.06814895428995736
0 0.43711437865235064 0.30328430587895333 0.06115920651143165 0.04707183043002143
0 0.4706394037850434 0.8662598820713144 0.04662422930779924 0.04192843728066228
0 0.446556888151656 0.03802298179075892 0.06596689881912396 0.04718373071057698
3 0.520321796966186 0.058960230300000444 0.20891282470160263 0.09856171206388907
3 0.5540645930256947 0.32162288768242564 0.3194337976382479 0.09873157236282076
0 0.5527747249821583 0.11137027443130387 0.036952894552136684 0.039300790565705165
3 0.60111749283702 0.8464726262549149 0.30797406827179497 0.12249028319989354
3 0.628832584609028 0.17921049801068428 0.23233784457510692 0.175988340249466
0 0.7992969350567315 0.9483883319183233 0.05165572217660251 0.05165572217660278
3 0.8774038461538461 0.9459134615384616 0.22596153846153846 0.10336538461538461