0 0.8072767013964212 0.1606645744946064 0.10543553980566255 0.09255190646188743
0 0.6591624221115922 0.2572572381802656 0.07379388882371803 0.07463370933834722
0 0.40745795271121826 0.2961194516337115 0.054339319031837564 0.06434677146350591
0 0.5323190822995729 0.337469404449036 0.06155085749337603 0.06459860393580218
4 0.8530387282251606 0.4212987266662077 0.22703062076111144 0.3634081490955505
4 0.44223281154871835 0.44647048527940214 0.10806519639871813 0.2055326756926565
3 0.4408360679198722 0.489823660206065 0.1434575166573722 0.48779000558184155
4 0.6875659995307697 0.4956424609923531 0.13143426613194473 0.28080740387877623
4 0.5676534425398508 0.5118588996331882 0.1211474798332267 0.25162547340289404
3 0.8533764389449258 0.5391711323621013 0.25292347644113333 0.8567002755786046
3 0.56740267184765 0.5527662563272888 0.1704593257524577 0.5127518528520562
3 0.6905303520264428 0.5713216427597909 0.2012657443864322 0.701175238583809