0 0.09007273525569966 0.29128201399008324 0.1527032695857118 0.14398499301241863
0 0.1562610544339367 0.5781979394011736 0.15612455274441348 0.12274282611283273
0 0.15403985194650197 0.4620284270464995 0.13448993735979808 0.1209768079302005
0 0.18990244389073274 0.7319703603818224 0.12983629051310472 0.12298820559901731
0 0.24246651165630012 0.8921202676102806 0.1648765458159415 0.14736996037883815
2 0.3830015920862078 0.2451173846303051 0.20866879419030623 0.19637884942466444
2 0.4264465370417682 0.566423096287713 0.31909167180623044 0.20300131842649313
2 0.43246860912343377 0.4158883753085565 0.24124432211715977 0.18229906574294683
3 0.4768553706164636 0.23064495409747515 0.9537107412329272 0.4397044480540051
2 0.5353773845727898 0.7142592380170858 0.4268026123463105 0.20461987087811467
3 0.5233706105006092 0.5622528352190691 0.9016212665474068 0.37489891238749923
3 0.5215183801573094 0.40261786785264964 0.8978918924667073 0.39133338697939296
3 0.5392142219950575 0.7109478051500885 0.8511404973166378 0.3707782032946912
3 0.5588942307692307 0.8389423076923077 0.7956730769230769 0.3173076923076923
2 0.6790865384615384 0.8569711538461539 0.5360576923076923 0.28125