0 0.6580819361918645 0.4381654163198643 0.03668708166808498 0.03647726154335647
0 0.7159001217562507 0.4302825670812632 0.0366870816680847 0.03647726154335647
0 0.41862650849466887 0.4565735589164363 0.04149477397577701 0.03653320410811171
0 0.335567938314898 0.46475010662000216 0.04149477397577701 0.03653320410811171
0 0.5788808909870199 0.43187693017678686 0.03436715409562433 0.041256982568671156
0 0.5334176105174072 0.4203891537727307 0.02698777847131458 0.03155768410615368
0 0.4997218050728681 0.4231845978798633 0.05595981018954683 0.039104877956223444
4 0.7173686969304998 0.34614795169664786 0.05730250749171754 0.11602795487930037
4 0.4164683347928022 0.37368282353231036 0.06940565684233381 0.12097550359888078
4 0.6620592557466918 0.3479932142682559 0.06468188311602702 0.12572725334181784
4 0.31063616508753217 0.3785193291876943 0.08851054820102451 0.11398773539636313
4 0.5780505182341549 0.3417606706899337 0.06725356643264473 0.13537060923957994
4 0.5396519187086557 0.3386024419772062 0.03802977897025542 0.1134003384664334
4 0.4954954595426981 0.3210910645473458 0.07446510489418319 0.1354545230867128
3 0.41363881243985035 0.32925362660972285 0.09422917831960434 0.3039195528325869
3 0.71818690309901 0.29927295169664786 0.0895473638839907 0.31107514872937014
3 0.6580907492528562 0.29997223375608806 0.09220296578199366 0.32552619693482465
3 0.3127402129143511 0.32682265123881316 0.10658408341437783 0.3232901784752441
3 0.5319517651119723 0.2978349568501432 0.06732531842967554 0.2771695610341255
3 0.5777716995524742 0.2888900409465071 0.09954038211561066 0.33282164924349594
3 0.48421051636059187 0.2791636132669261 0.11392149974799483 0.3305856307839154