4 0.30713098971175934 0.8352074881746929 0.13888316270703724 0.08557773209884226
4 0.4375747246959196 0.32420606979770955 0.1150900806547605 0.05850592139175904
4 0.4573204337887277 0.2732706595007135 0.09585931142399126 0.05794636315640293
4 0.4210671123367694 0.4529867009770276 0.12509791375517446 0.06359339281712934
3 0.5025029501055179 0.2779513240763582 0.2961142839196106 0.10214337353034117
3 0.5026012605928583 0.3355037422098269 0.3497837962742845 0.11329754329295497
3 0.4767725999820954 0.46095838327605365 0.3405608601439294 0.11782545648296915
4 0.42658696057942974 0.6938388192546612 0.29199317809463676 0.16917128672035547
4 0.46212911792683453 0.5669024759938333 0.3049935300764409 0.18154024138668381
3 0.41265484099480526 0.8057575549673464 0.44829233333830676 0.14494148831588932
3 0.5377521596517311 0.5659011385190418 0.8305034750676796 0.2735713906643746
3 0.5059630389000229 0.7203068506005518 0.8410016704082971 0.3434228186847522
0 0.17950574659531474 0.6506672794732307 0.0926214130564163 0.07703724282833317
0 0.22738604869755735 0.5341635476179032 0.09801777809165263 0.08438867084871063