0 0.5612409801647613 0.5092644891501485 0.07357768431418449 0.05812898906098049
0 0.5750004805374787 0.6381416638211536 0.0785534699198179 0.060728733664655504
0 0.4706418895514976 0.21093451272405497 0.06636614585264602 0.05783514138623721
0 0.492445158200494 0.3790343774214065 0.06155845354495371 0.057639242936408354
4 0.43914966617887075 0.6784336150346746 0.16504139147560914 0.09781080269050745
4 0.41482499806075734 0.5463914426450154 0.174992962686876 0.10301029189785761
4 0.3460291760964901 0.4161613309162734 0.20602432940626458 0.13543568259683086
4 0.31933416849083085 0.24945928774567383 0.21015964852219243 0.12601619643127518
3 0.3814826284778982 0.6975623448970872 0.4779445914040919 0.1848675342487877
3 0.35570389733595004 0.5691749163506544 0.4885685358071232 0.19968240807152235
3 0.3044073716403704 0.42864377543212673 0.47481783207581085 0.20871009733742027
3 0.26423907024164556 0.2660862222293258 0.5046725457096115 0.2243085649594706