0 0.2620308118715973 0.6146976348357359 0.06557513420895636 0.11613984000881085
0 0.1408183882839589 0.5848601845958051 0.05581989791542382 0.09198949334083882
0 0.503603365165321 0.6142903671106326 0.041284939649828475 0.07259089641580402
0 0.5648664791688609 0.6195867147946189 0.036435291838691805 0.06532341538951031
0 0.3162502094273763 0.5912317425207013 0.04120102864293976 0.05816781949272709
0 0.614215251161781 0.6069940727366472 0.043716756139304196 0.0774265600058738
0 0.43653342071048024 0.5742081784018209 0.04852444844699651 0.07748250257062904
0 0.38257274875927494 0.5532029168707017 0.03646326217432138 0.07013110769720263
4 0.3326164233215606 0.4636460830314007 0.07105411457175902 0.23158039795818133
4 0.5764669562587972 0.48484545940853513 0.0659946892434003 0.18825522462419533
4 0.5152108348391646 0.4783471886476256 0.08064152885151407 0.2268845907799995
4 0.14541710442957864 0.41414515074916175 0.1024299810820921 0.2535786400137056
4 0.45412253543330966 0.44300276404056227 0.07815377169077892 0.21243354257454497
4 0.6319022620593141 0.4589617352984655 0.08066949918714364 0.2316922830876918
3 0.5177964881746031 0.447069217365248 0.11066243679411077 0.42914332309160785
4 0.4001478783142896 0.42440134866328927 0.07331810904745704 0.20756990770209754
4 0.2800674519645003 0.40656914355140034 0.10986528222866727 0.29212409232237696
3 0.5899887912129691 0.43300892504776595 0.11558201044432136 0.44843003488713207
3 0.45920993109729796 0.394869898398884 0.11804179726942667 0.45807339078489445
3 0.3415053805657251 0.38181741431230987 0.12310122259778539 0.5013985641188804
3 0.635766756894657 0.41444862452874526 0.11815367861194523 0.4773041600156635
3 0.4040263583174474 0.37748439173972276 0.11062048129066628 0.42193178463006925
3 0.15667494490805245 0.3382981261323087 0.15735643096766777 0.6051555466875514
3 0.2949100839220211 0.3365236338319587 0.179410601386727 0.6730472676639174