0 0.7067392008476623 0.5711620735014358 0.10296700066083275 0.09045047928557264
0 0.6968514125163872 0.6567762622739035 0.09145169084624663 0.09929563659596251
0 0.6088471854007704 0.4175488302524364 0.12067578540838397 0.10835572058948834
3 0.5180288461538461 0.8713942307692307 0.9591346153846154 0.25240384615384615
3 0.4401761202709713 0.7876678000255569 0.8145905559608189 0.32052790774342144
2 0.42218138938099425 0.3528797371014009 0.24693558779499547 0.14040454609989547
3 0.39475845423123324 0.49247300099383917 0.7514708763867971 0.2589844635261399
2 0.3666698422206719 0.7793636442343195 0.39393792227631014 0.20253188914444836
3 0.3851175155676382 0.6056543978050383 0.7238743033079706 0.32669341099469185
3 0.35867354747170493 0.32964378588465887 0.6688480238661156 0.28243902623733025
4 0.34121838360510165 0.5908623487378263 0.4254398827536325 0.20934217244512693