0 0.7399754186469273 0.8368886174544904 0.08129350266954614 0.06473823294142442
0 0.7205671995103718 0.5460710670556069 0.08990032749728435 0.05059493513602548
0 0.6866112333933837 0.6871985423383349 0.07514106397832493 0.04536757415181606
0 0.6934184519935596 0.41761804921046813 0.06602995925676379 0.05229933349567654
0 0.6956454082080596 0.2996547257234579 0.07256912452653753 0.04289378321855034
4 0.6014180782048911 0.837674484945561 0.20691533587864044 0.11157464746104996
4 0.5657970924919818 0.7270404789160098 0.16917671059153688 0.08648701423129578
4 0.5371772486349646 0.5335087529684761 0.16604995126325597 0.11038558621091846
3 0.5230321416165744 0.7185699344249201 0.4071069398396358 0.12699544876825378
3 0.49866629012363567 0.8431152933586934 0.5591710807410377 0.17460125586149425
3 0.525930911056399 0.41876650242542773 0.42415249619717044 0.09630500700361001
4 0.46934768315063885 0.2978876087657163 0.14950867479954483 0.1482875664371008
3 0.4413008124193653 0.5439670880275593 0.38268175172262175 0.15507221004079325
0 0.4061412433261342 0.16838541922928488 0.17744734882339258 0.06753602411820467
3 0.3173758255731726 0.28383073065719283 0.4863492563011484 0.2996269795150771